===== Page 1 =====

1


===== Page 2 =====




===== Page 3 =====

Wind

Wind

Wind

Wind

除今年
外的均
值
2026-04 2025-04 2024-04 2023-04 2022-04 2021-04 2020-04 2019-04
中国:CPI:环比 -0.09 0.30 0.10 0.10 -0.10 0.40 -0.30 -0.90 0.10
中国:CPI:不包括食品和能源(核心CPI):环比 0.17 0.20 0.20 0.20 0.10 0.10 0.30 0.00 0.10
中国:CPI:食品烟酒:环比 -0.64 -1.00 0.20 -0.70 -0.60 0.70 -1.50 -2.10 0.00
中国:CPI:衣着:环比 -0.01 -0.30 -0.10 -0.10 -0.10 -0.20 0.00 -0.10 0.00
中国:CPI:居住:环比 0.02 -0.10 0.00 0.00 0.00 -0.10 0.10 -0.20 0.00
中国:CPI:生活用品及服务:环比 0.18 0.00 0.00 0.40 0.00 0.60 0.30 -0.10 0.10
中国:CPI:交通和通信:环比 0.11 3.50 -0.30 1.00 -0.40 1.10 0.40 -1.20 0.00
中国:CPI:教育文化和娱乐:环比 0.30 0.50 0.40 0.50 0.50 0.10 0.70 -0.20 0.30
中国:CPI:医疗保健:环比 0.22 0.30 0.20 0.20 0.10 0.10 0.10 0.20 0.10
中国:CPI:其他用品和服务:环比 0.73 -0.50 2.40 2.00 1.00 0.00 0.40 -0.10 0.40


===== Page 4 =====

Wind

Wind


===== Page 5 =====

Wind

2026-04 2026-03 2026-02 2026-01 2025-12 2025-11 2025-10 2025-09 2025-08 2025-07 2025-06 2025-05 2025-04
煤炭开采和洗选业 +1.9 +0.1 -0.5 -3.2 +1.3 +4.1 +1.6 +2.5 +2.8 -1.5 -3.4 -3.0 -3.3
石油和天然气开采业 +18.5 +15.8 +5.1 -2.2 -1.3 -2.4 -2.3 -2.0 -1.1 +3.0 +2.6 -5.6 -3.1
黑色金属矿采选业 +0.4 -0.9 -0.8 +0.4 0.0 +0.6 +0.9 +2.6 +2.1 -1.1 -2.0 -0.9 -0.9
有色金属矿采选业 +3.0 +5.4 +7.1 +5.7 +3.7 +2.6 +5.3 +2.5 +0.8 +0.7 +1.3 +0.8 +1.5
非金属矿采选业 +0.1 +0.4 -0.6 -0.1 -0.3 -0.3 +0.1 -0.3 -0.5 -0.8 -0.7 -0.4 +0.1
石油、煤炭及其他燃料加工业 +16.4 +5.8 +0.4 -2.5 -0.6 -1.3 -0.5 -0.8 +0.7 +1.2 -0.6 -3.1 -2.6
黑色金属冶炼及压延加工业 +0.6 +0.3 +0.1 +0.2 -0.1 -0.5 -0.7 +0.2 +1.9 -0.3 -1.8 -1.0 -1.0
有色金属冶炼及压延加工业 +0.2 +1.0 +4.6 +5.2 +2.8 +2.1 +2.4 +1.2 +0.2 +0.8 +0.2 -0.1 +0.3
化学原料及化学制品制造业 +8.3 +3.6 +1.3 +0.6 0.0 -0.6 -0.6 -0.4 -0.1 -0.7 -0.7 -1.2 -0.6
化学纤维制造业 +5.6 +3.4 +0.6 +0.4 -0.4 -0.3 -0.7 -0.2 -0.6 -0.7 +0.1 -1.3 -2.0
橡胶和塑料制品业 +1.7 +0.6 -0.3 -0.5 -0.2 -0.3 -0.2 -0.4 -0.4 -0.4 -0.3 -0.3 -0.4
金属制品业 0.0 +0.3 +0.3 +0.3 +0.2 0.0 0.0 0.0 -0.2 -0.1 -0.3 -0.1 -0.2
非金属矿物制品业 -0.4 -0.3 -0.2 0.0 +0.1 0.0 +0.1 -0.4 -1.0 -1.4 -1.4 -1.0 0.0
通用设备制造业 0.0 -0.2 -0.1 0.0 0.0 -0.1 -0.1 -0.1 -0.1 -0.2 -0.2 -0.2 -0.2
铁路、船舶、航空航天和其他运输设备制造业 0.0 0.0 0.0 +0.1 -0.1 0.0 -0.1 0.0 -0.2 0.0 -0.1 0.0 +0.1
汽车制造业 +0.1 -0.5 -0.2 0.0 -0.1 -0.1 -0.2 -0.5 -0.3 -0.3 +0.2 0.0 -0.5
计算机、通信和其他电子设备制造业 +0.6 +0.7 +0.6 +0.5 -0.1 +0.1 +0.1 -0.2 -0.2 -0.4 -0.4 +0.1 -0.2
医药制造业 -0.4 -0.1 -0.6 -0.9 -0.2 -0.4 -0.2 -0.4 -0.5 -0.5 -0.1 -0.5 -0.3
农副食品加工业 -0.4 -0.1 +0.2 +0.3 -0.2 -0.1 -0.2 -0.1 +0.4 +0.1 -0.5 0.0 -0.4
食品制造业 +0.4 +0.2 -0.5 -0.1 -0.2 -0.1 0.0 -0.3 -0.3 0.0 -0.2 -0.3 +0.1
酒、饮料和精制茶制造业 -0.7 0.0 0.0 -1.4 -0.1 -0.1 -0.1 -0.1 -0.5 +0.2 -0.1 +0.1 +0.1
烟草制品业 0.0 0.0 0.0 +0.1 0.0 +0.1 0.0 0.0 0.0 0.0 0.0 0.0 +0.2
纺织业 +0.7 +0.5 0.0 -0.2 -0.1 0.0 0.0 -0.2 +0.1 -0.2 -0.2 -0.2 -0.3
纺织服装、服饰业 -0.1 -0.2 -0.6 -0.5 +0.2 0.0 -0.1 0.0 0.0 -0.1 0.0 +0.2 +0.4
木材加工及木、竹、藤、棕、草制品业 0.0 -0.2 +0.1 -0.1 -0.2 -0.3 -0.5 -0.1 0.0 -0.4 0.0 -0.5 -0.3
造纸及纸制品业 -0.1 0.0 -0.9 -1.7 +0.4 +1.4 +1.0 +0.5 -0.3 -0.5 -0.4 -0.6 -1.0
印刷业和记录媒介的复制 -0.1 -0.1 -0.3 -0.2 0.0 -0.1 -0.1 0.0 -0.1 -0.2 0.0 -0.3 -0.3
电力、热力的生产和供应业 -0.7 +1.4 -3.9 +0.1 +1.0 -0.2 -0.2 0.0 +0.1 -0.9 -0.9 +0.5 -0.3
燃气生产和供应业 +0.8 0.0 0.0 0.0 +1.2 +0.7 -0.5 -0.4 -0.2 -0.3 -0.7 -1.0 -1.2
水的生产和供应业 0.0 +0.2 -0.1 +0.1 0.0 +0.1 +0.1 0.0 +0.7 +0.6 +0.3 0.0 0.0


===== Page 6 =====




===== Page 7 =====

1


===== Page 8 =====




===== Page 9 =====

Wind

Wind

Wind

Wind


===== Page 10 =====
