===== Page 1 =====

华联期货宏观周报
工 业 品 通 胀 压 力 显 著 抬 升
20260517
作 者 ： 石 舒 宇
期货从业资格号：F03117664
0769-22116880
审核：蒋琴，期货从业资格号:F3027808，期货交易咨询从业证书号：Z0014038
期货交易咨询业务资格：证监许可【2011】1285号
期货交易咨询从业证书号：Z0022772


===== Page 2 =====




===== Page 3 =====

周度观点及策略


===== Page 4 =====

周度观点
• 2026年4月份，全国居民消费价格同比上涨1.2%，环比上涨0.3%。其中，食品价格下降1.6%，非食品价格上涨1.8%；消费品
价格上涨1.4%，服务价格上涨0.9%。1—4月平均，全国居民消费价格比上年同期上涨0.9%。
• 食品烟酒及在外餐饮类价格同比下降 0.8%，影响CPI下降约0.24个百分点。食品中，畜肉类价格下降 6.7%，影响CPI下降约
0.28个百分点，其中猪肉价格下降15.2%，影响CPI下降约0.29个百分点；鲜果价格下降1.0%，影响CPI下降约0.02个百分点；
鲜菜价格下降0.5%，影响CPI下降约0.01个百分点；水产品价格上涨 1.3%，影响CPI上涨约0.02个百分点。其他用品及服务 、
交通通信、医疗保健价格分别上涨11.0%、4.6%和2.2%，衣着、生活用品及服务、教育文化娱乐价格分别上涨1.5%、1.4%和
1.3%；居住价格下降0.2%。
• 2026年4月份，全国工业生产者出厂价格同比上涨 2.8%，涨幅比上月扩大2.3%，环比上涨1.7%。1—4月平均，工业生产者出

厂价格比上年同期上涨0.2%。
• 工业生产者出厂价格环比变化中 ，生产资料价格上涨 2.1%，影响工业生产者出厂价格总水平上涨约 1.68个百分点。其中，
采掘工业价格上涨 5.7%（油气、煤炭领涨），原材料工业价格上涨 4.9%（化工、黑色金属走强），加工工业价格上涨 0.4%。
生活资料价格下降 0.1%，影响工业生产者出厂价格总水平下降约 0.02个百分点，终端需求偏弱。其中，食品价格下降 0.4%，
衣着价格下降0.1%，一般日用品和耐用消费品价格均上涨0.1%。
• 工业生产者购进价格环比变化中 ，化工原料类价格上涨 7.3%，燃料动力类价格上涨 6.3%（国际油价传导），纺织原料类价
格上涨1.3%，黑色金属材料类价格上涨 0.6%，农副产品类价格上涨 0.3%；建筑材料及非金属类价格下降 1.0%，有色金属材
料及电线类价格下降0.1%。
• 国际输入性压力凸显：中东局势紧张推升原油价格 ，带动国内油气开采 、石油加工、化工原料等产业链价格大幅 上行。上
下游分化延续：上游能源、原材料涨价显著，但下游生活资料价格疲软，终端消费修复不足，成本传导不畅。


===== Page 5 =====

周度观点
• 海关总署公布数据显示，以美元计价，2026年4月中国进出口总值6340.6亿美元，同比增长18.7%。其中出口总值3594.42亿
美元，同比增长14.1%；进口总值2746.18亿美元，同比增长25.3%；贸易顺差实现848.24亿美元，进出口均维持较高景气度。
• 4月出口国别格局明显分化 ，对美国出口水平明显修复 。随着关税影响逐步消退 、叠加低基数与美国补库需求 ，4月对美出
口同比由3月-26.5%回升至11.3%，电脑、手机等消费电子及家电 、汽车等耐消品出口回暖 ，对整体出口贡献由负转正 。新
兴市场韧性突出，对东盟出口增速由6.9%抬升至15.2%，对非洲、拉美出口分别回升至17.3%、13.7%，受益于区域供应链重
构、一带一路基建配套及新兴经济体需求复苏；反观欧盟、英国等发达经济体受高油价压制生产，出口增速明显回落。
• 4月进口方面，AI 产业链、大宗商品及农产品主导区域走势 。受AI相关元器件、集成电路需求拉动 ，自东盟、韩国、日本
进口保持高增长；自美国进口边际回暖，农产品及设备类进口有所修复。

• 大宗商品进出口结构分化明显，地缘扰动主导能源品类走势。受霍尔木兹海峡航运受阻影响，2026年4月国内能源进口大幅
收缩：原油进口量同比下滑20.0%至3847万吨，创2022年7月以来新低，环比3月亦回落23.0%；成品油进口同比大降49.3%至
181万吨，天然气、煤炭进口同比降幅进一步走阔。能源供给收紧逐步向下游炼化端传导 ，出于国内能源短缺风险考量，国
内成品油优先保供内需 ，4月成品油出口同比大跌 37.7%至312万吨，创下近十年低位 。有色金属方面，4月未锻轧铝及铝材
出口同比增长15%至59.8万吨。受中东地缘局势冲击，当地铝产业生产停摆、海外铝库存持续偏低，供需缺口下国内铝材外
销节奏明显提速，出口韧性凸显。农产品板块表现相对稳健，4月大豆进口同比大增39.5%至848万吨，主要受益于巴西季节
性上市供应放量及美豆货源补充到位，推动进口量大幅抬升。


===== Page 6 =====

周度观点
• 出口产品结构方面 ，AI产业链需求持续高增 ，2026年4月集成电路出口同比由 3月增加84.9%进一步增长至99.6%，对整体出
口拉动上行至4.9个百分点。而自动数据处理设备及其零部件增长 47.3%，手机出口回升至11.0%，AI算力需求带动电子链量
价齐升。机电产品全面走强：整体增长20.3%，占出口比重超63%；汽车（含底盘）出口大涨44.2%，海外油价高企使得中国
新能源汽车加速出海 ；家电、医疗器械等耐用消费品同步回暖 ，对美补库需求显著提振相关品类 。出口结构持续向高端化
跃迁，高附加值产品拉动作用进一步增强。4 月高新技术产品出口同比增长39.2%，增速大幅跑赢整体出口，航空航天装备、
高端医疗器械等技术密集型品类维持高景气。
• 高油价压制欧盟 、东盟本土工业生产 ，我国消费品出口再度凸显供给替代效应 ，劳动密集型产品出口边际大幅修复 。服装、
家具、玩具、鞋靴等传统劳密品同比降幅明显收窄，其中轻工制品整体回升13.4个百分点至-4.2%；细分品类中，玩具回升

17.3个百分点至-12.4%、家具及其零件回升15.7个百分点至-3.6%、纺织纱线回升14.3个百分点转正至1.0%、塑料制品回升
13.3个百分点增至 8.0%。尽管劳密品类对整体出口拖累有所弱化 ，但多数仍处于负增长区间 ，既反映全球终端消费复苏力
度偏弱，也体现低端订单向低成本地区转移的长期趋势仍在延续。
• 国家外汇管理局统计数据显示 ，截至2026年4月末，我国外汇储备规模为 34105亿美元 ，较3月末上升 684亿美元 ，升幅为
2.05%。截至4月末，我国黄金储备达 7464万盎司，环比增加26万盎司。这是自2022年11月以来连续第 18个月增持黄金。此
前，3月末储备为7438万盎司，环比增加16万盎司。国家外汇管理局表示 ，2026年4月，受宏观经济数据 、主要经济体货币
政策及预期等因素影响 ，美元指数下跌，全球主要金融资产价格表现有所分化 。汇率折算和资产价格变化等因素综合作用 ，
当月外汇储备规模上升。


===== Page 7 =====

国民经济核算


===== Page 8 =====

GDP同比
图：实际GDP同比（%）
资料来源：WIND、华联期货研究所
2023年12月 2024年3月 2024年6月 2024年9月 2024年12月 2025年3月 2025年6月 2025年9月 2025年12月 2026年3月 近五年当季同比走势
5.3 5.3 4.7 4.6 5.4 5.4 5.2 4.8 4.5 5
农林牧渔业 4.3 3.9 4.1 3.8 4.2 3.7 4 4.1 4.3 4
工业 4.8 5.9 5.8 4.9 5.6 6.3 6.2 5.8 5 6.1
制造业 4.8 6.2 6 4.8 6 6.8 6.5 6.3 5.1 6.3
建筑业 6.7 4.8 3.3 2 2.5 3.1 -0.6 -2.3 -2.5 -3.8
服务业 5.7 5.1 4.3 4.9 5.9 5.3 5.7 5.4 5.2 5.2
批发和零售业 7.6 7 6.3 6 6.7 5.8 6 4.9 3.7 4.1
交通运输、仓储和邮政业 9.5 6.9 6.1 6.2 7.5 7.2 5.6 4.8 3.4 4.3

住宿和餐饮业 16.5 7.9 6.5 6.5 7.2 5.1 5.2 3.6 5.6 4.3
金融业 4.4 3.4 2.5 4.3 4.7 3.8 5.8 5.2 3.3 6.5
房地产业 -2.2 -4.7 -4.1 -1.6 1.7 1 1 -0.2 -1 -0.1
信息传输、软件和信息技术服务业 11.6 14.5 11 10.8 10.5 10.3 11.8 11.7 10.7 10.6
租赁和商务服务业 11 11.5 9.5 11.5 11.8 10.2 9 8.6 12.7 12.2
GDP季度同比


===== Page 9 =====

GDP同比贡献
图：三次产业对不变价GDP当季同比增长的贡献率 图：三次产业对GDP当季同比的拉动
资料来源：WIND、华联期货研究所 资料来源：WIND、华联期货研究所
0
10
20
30
40
50
60
70
80
2013-03
2013-09
2014-03
2014-09
2015-03
2015-09
2016-03
2016-09
2017-03
2017-09
2018-03
2018-09
2019-03
2019-09
2020-03
2020-09
2021-03
2021-09
2022-03
2022-09
2023-03
2023-09
2024-03
2024-09
2025-03
2025-09
2026-03
第一产业 第二产业 第三产业
-2
0
2
4
6
8
10
12
2013-03
2013-09
2014-03
2014-09
2015-03
2015-09
2016-03
2016-09
2017-03
2017-09
2018-03
2018-09

2019-03
2019-09
2020-03
2020-09
2021-03
2021-09
2022-03
2022-09
2023-03
2023-09
2024-03
2024-09
2025-03
2025-09
2026-03
第一产业 第二产业 第三产业 不变价GDP当季同比


===== Page 10 =====

GDP同比贡献
图：GDP各分项贡献
资料来源：WIND、华联期货研究所
2023年12月 2024年3月 2024年6月 2024年9月 2024年12月 2025年3月 2025年6月 2025年9月 2025年12月 2026年3月
5.82 3.09 4.26 5.10 5.85 2.75 3.77 4.85 5.95 3.16
22.47 35.22 36.59 34.95 33.58 36.16 36.20 35.99 35.10 37.54
8.75 4.14 4.63 4.08 3.91 2.63 0.79 -0.61 -1.46 -3.40
6.16 5.50 5.75 5.97 5.89 5.73 5.31 5.06 4.59 3.74
13.29 13.57 13.53 13.41 13.24 11.15 11.47 11.20 10.41 8.59
4.69 2.52 2.40 2.48 2.52 1.67 1.68 1.60 1.83 1.55
6.90 5.27 4.60 5.37 5.41 5.67 6.96 7.13 6.53 10.32

-0.99 -6.99 -6.67 -5.14 -3.01 1.26 1.25 0.74 0.25 -0.13
9.52 13.84 12.75 11.55 10.47 10.53 11.21 10.73 10.62 12.32
7.77 8.42 7.84 8.51 8.72 7.95 7.21 7.27 8.77 10.97租赁和商务服务业
GDP各部分贡献率
交通运输、仓储和邮政业
批发和零售业
住宿和餐饮业
金融业
房地产业
信息传输、软件和信息技术服务业
农林牧渔业
工业
建筑业


===== Page 11 =====

服务业生产指数
图：服务业生产指数 图：服务业商务活动和业务活动预期
资料来源：WIND、华联期货研究所
注：1、2月为累计值 资料来源：WIND、华联期货研究所
-15
-10
-5
0
5
10
15
20
25
30
2021-03 2021-09 2022-03 2022-09 2023-03 2023-09 2024-03 2024-09 2025-03 2025-09 2026-03
服务业生产指数
30.00
35.00
40.00
45.00
50.00
55.00
60.00
65.00
70.00
2021-04
2021-07
2021-10
2022-01
2022-04
2022-07
2022-10
2023-01
2023-04
2023-07
2023-10
2024-01
2024-04
2024-07
2024-10
2025-01
2025-04
2025-07
2025-10
2026-01
服务业商务活动指数 服务业业务活动预期指数


===== Page 12 =====

工业


===== Page 13 =====

图：工业增加值分行业同比数据
资料来源：WIND、华联期货研究所
工业增长速度
-3.0
0.0
3.0
6.0
9.0
12.0
15.0
18.0
2019-01 2019-07 2020-01 2020-07 2021-01 2021-07 2022-01 2022-07 2023-01 2023-07 2024-01 2024-07 2025-01 2025-07
规模以上工业增加值 采矿业 制造业 高技术产业 电力、燃气及水的生产和供应业


===== Page 14 =====

规上主要行业增加值
图：规模以上工业主要行业增加值
资料来源：WIND、华联期货研究所
1至2月 3月 4月 5月 6月 7月 8月 9月 10月 11月 12月 1至2月 3月 近两年同比走势
5.9 7.7 6.1 5.8 6.8 5.7 5.2 6.5 4.9 4.8 5.2 6.3 5.7
5.4 10.6 6.3 5.5 6.5 4.2 5.1 6.4 6.5 7.5 6.4 7.2 5.3
0.9 6.8 4.3 5.3 3.6 4.1 4.7 8.9 1.9 5.1 3.7 5.8 9.4
8.3 5.4 7.3 7.6 8.2 5.6 4.7 6 2.5 1.7 3.2 6.1 8
5.2 7.1 7 6.7 6.4 3.8 2 6.5 2.1 5.6 5.5 10.6 6.2
3.9 7.3 5.5 4.1 3.4 0.1 -2.4 0.8 -1.9 -0.6 -0.5 4.3 2.4
7 5.7 2.9 0.6 2.5 1.7 1.5 2.2 0.2 1.8 3.7 5.3 1.7

9.5 8.8 8 5.9 7.5 7.2 7.6 9 7.1 6.7 8 7.6 9
-0.1 1.2 2.2 1.3 2.7 2.4 3.3 5.4 -1.6 2.4 7 7.2 6.8
8.9 7.6 6 5.4 6.7 4.8 3.5 5.3 2.1 3.3 4.2 7.8 6.4
-2.1 0.9 0.4 -0.6 -0.1 -0.6 0.5 0.2 -3.2 -1.8 0.2 2.5 -5.5
5.7 7.7 5.8 4.8 4.1 8.6 7.3 2.2 1.4 0.9 0.7 2.2 1.7
6.6 6.5 7.5 8.1 9.2 6.8 9.1 8.4 3.7 4.8 4.8 3.9 0
3.4 4.8 0.6 5.4 11.7 12.4 10.2 10.4 8.1 3.7 6.6 10.2 8.1
11.5 9.9 7.7 6.7 6.7 4.2 2.8 4 1.7 3 3.6 6.5 4.6
9.5 9.3 7.8 6.3 7.8 8.4 7.3 9.3 6.9 7.5 7.5 8.9 6.3

3.8 4.7 3.7 2.3 4.6 3.8 4 5.4 0.7 4.8 8.2 8.8 6.2
12 11.5 9.2 11.6 11.4 8.5 8.4 16 16.8 11.9 8.3 3.4 7.5
20.8 19 17.6 14.6 10.1 13.7 12 10.3 15.2 11.9 9.2 13.7 13.3
12 13 13.4 11 11.4 10.2 9.8 7.9 4.9 4.4 4.3 8.7 5.4
10.6 13.1 10.8 10.2 11 10.2 9.9 11.3 8.9 9.2 11.8 14.2 12.5
0.8 3.3 1.2 2 1.6 3.4 2.5 0.5 5.9 4.2 1.1 5.1 4.2
主要行业增加值同比
计算机、通信和其他电子设备制造业
电力、热力生产和供应业
金属制品业
通用设备制造业
专用设备制造业
汽车制造业
铁路、船舶、航空航天和其他运输设备制造业
电气机械和器材制造业
化学原料和化学制品制造业
医药制造业
橡胶和塑料制品业

非金属矿物制品业
黑色金属冶炼和压延加工业
有色金属冶炼和压延加工业
煤炭开采和洗选业
石油、煤炭燃料加工业
石油和天然气开采业
农副食品加工业
食品制造业
酒、饮料和精制茶制造业
纺织业


===== Page 15 =====

规模以上工业主要产量
图：规模以上工业主要产量（分产业链上下游）
1902.5 1772.4 1846.9 1819.8 1812.4 1825.6 1777.5 1800.5 1762.7 1779.5 1786.7 1786.7 1906.7
6305.8 5803.4 5911.1 6224.5 6306.4 6346.5 6268.7 6342.8 6082.6 6245.9 6131.7 6131.7 6167.3
44058.2 38930.6 40328.4 42107.4 38098.7 39049.7 41150.5 40675.0 42679.3 43703.5 38144.3 38144.3 44061.7
226.8 214.7 221.5 211.7 215.6 212.4 211.7 221.2 218.8 229.8 223.2 223.2 234.0
4129.4 4160.0 4237.6 4170.3 4185.5 4259.7 4255.6 4189.6 4170.3 4274.3 4127.3 4127.3 4275.8

7780.2 7111.1 7377.6 7962.9 9267.2 9362.7 8261.8 8002.1 7792.2 8586.2 7859.0 7859.0 8024.8
7529.4 7258.3 7411.4 7190.5 7079.7 6979.3 6604.6 6554.9 6234.3 6072.2 6885.2 6885.2 7327.8
9284.1 8601.9 8654.5 8318.4 7965.8 7736.9 7349.0 7199.7 6987.1 6817.7 8016.8 8016.8 8704.4
13442.1 12508.9 12743.1 12783.8 12295.3 12276.5 12420.9 11863.8 11591.0 11531.0 11059.5 11059.5 13097.7
374.6 375.4 382.8 380.9 377.9 380.0 380.9 379.8 379.2 387.4 376.7 376.7 385.1

921.3 922.0 890.2 922.4 923.0 973.4 923.9 908.7 877.7 932.0 925.5 925.5 963.7
383.8 371.3 379.1 387.3 381.1 383.8 387.4 389.7 401.2 421.7 393.2 393.2 413.1
319.0 297.5 303.0 284.9 312.0 314.1 299.2 313.9 308.6 356.3 330.2 330.2 363.8
8124.3 7984.7 8167.8 8270.5 8041.5 8267.0 8148.1 8250.3 8160.2 8829.3 7280.5 7280.5 7637.0
771.1 730.2 734.9 736.4 733.8 744.8 744.5 749.6 756.1 782.3 690.1 690.1 784.5
28.8 27.2 26.7 27.8 26.7 27.0 28.1 26.2 28.1 30.1 21.8 21.8 26.4

304.5 260.4 264.2 280.9 251.0 275.2 322.7 327.9 351.9 341.2 201.2 201.2 306.7
129.8 122.8 124.5 123.4 117.6 133.3 158.0 171.0 184.1 179.1 80.2 80.2 133.6
11086.0 8611.0 9100.0 10827.0 9432.0 10040.0 12275.0 11693.0 11789.0 12654.0 9354.0 9354.0 10937.0
3632000.0 3613000.0 3676000.0 3957000.0 4125000.0 4250287.1 4371236.1 4177000.0 4392000.0 4807000.0 4076000.0 4076000.0 4751000.0
3319.4 3147.2 3274.7 4203.2 2941.5 3002.0 3608.7 2853.9 3260.1 4247.6 2502.1 2502.1 3404.2

7844.4 7192.8 7056.9 6738.6 6638.2 6985.7 7087.3 6793.8 7349.4 7444.2 4912.9 4912.9 7162.1
智能手机
集成电路
发电机组
化学纤维
平板玻璃
汽车
新能源汽车
布
近两年产量同比走势
原油
2025年4月 2025年11月 2025年12月2025年5月 2025年6月 2025年7月 2025年8月 2025年9月 2026年1月 2026年2月 2026年3月2025年3月 2025年10月主要工业品产量
能源
产成品
工业原料
原油加工量
钢材
电解铝
焦炭
发电量
原煤
天然气
太阳能电池
生铁
硫酸
烧碱
粗钢
乙烯
资料来源：WIND、
华联期货研究所


===== Page 16 =====

发电量
图：发电量同比增速及日均发电量 图：火电、水电及风电发电量同比增速
资料来源：WIND、华联期货研究所 资料来源：WIND、华联期货研究所
0
1
2
3
4
5
6
7
8
9
150
180
210
240
270
300
330
3月 4月 5月 6月 7月 8月 9月 10月 11月 12月 1至2月 3月
日均发电量 同比增速%（右轴）
-40
-30
-20
-10
0
10
20
30
40
火电 水电 风电


===== Page 17 =====

用电量
图：全社会用电量（亿千瓦时） 图：三次产业用电量同比增速
资料来源：WIND、华联期货研究所 资料来源：WIND、华联期货研究所
4500
5500
6500
7500
8500
9500
10500
1月 2月 3月 4月 5月 6月 7月 8月 9月 10月 11月 12月
2018 2019 2020 2021 2022 2023 2024 2025
-15
-10
-5
0
5
10
15
20
25
30
第一产业 第二产业 第三产业
2026年1-2月，全社会用电量累计16546亿千瓦时，同比增长6.1%。从分产业用电看，第一产业用电量223亿千瓦时，同比增长7.4%。第二产业用电量10279亿千瓦时，同比增
长6.3%，其中：工业用电量同比增长6.4%，高技术及装备制造业用电量同比增长10.6%。第三产业用电量3231亿千瓦时，同比增长8.3%，其中：充换电服务业、互联网数据服
务业用电量增速分别达到55.1%、46.2%。城乡居民生活用电量2813亿千瓦时，同比增长2.7%。


===== Page 18 =====

行业用电量
图：分行业用电量同比
2024-10 2024-11 2024-12 2025-03 2025-04 2025-05 2025-06 2025-07 2025-08 2025-09 2025-10 2025-11 2025-12
4.33 2.79 3.18 4.80 4.68 4.43 5.42 8.58 4.99 4.54 10.36 6.17 2.77
农林牧渔业 1.04 6.03 8.82 12.43 16.39 5.68 -0.83 18.09 12.60 7.07 13.20 8.46 4.90
采矿业 2.87 2.45 3.58 3.87 3.20 2.29 3.34 4.89 5.31 5.93 6.38 4.61 3.51
2.20 1.33 -0.56 7.61 7.94 5.80 3.85 4.77 4.95 4.52 5.66 4.37 3.06
0.00 0.00 0.00 0.00 0.00 0.00 0.00 0.00 0.00 0.00 0.00 0.00 0.00

0.00 0.00 0.00 0.00 0.00 0.00 0.00 0.00 0.00 0.00 0.00 0.00 0.00
0.00 0.00 0.00 0.00 0.00 0.00 0.00 0.00 0.00 0.00 0.00 0.00 0.00
0.00 0.00 0.00 0.00 0.00 0.00 0.00 0.00 0.00 0.00 0.00 0.00 0.00
制造业 0.00 0.00 0.00 0.00 0.00 0.00 0.00 0.00 0.00 0.00 0.00 0.00 0.00
2.44 2.58 3.94 4.01 2.49 1.13 2.15 3.14 5.46 6.67 5.28 4.13 4.00
2.09 3.96 5.42 -1.77 1.25 2.50 4.09 5.13 1.47 3.90 4.49 1.96 -1.04
10.51 13.85 -0.17 5.61 6.44 5.22 3.74 7.26 2.61 7.19 6.45 3.00 4.03

6.70 6.19 9.38 -0.06 -1.87 -1.13 1.13 2.15 3.98 0.03 4.91 -0.39 -3.72
8.17 4.58 2.62 3.94 -1.61 -0.81 3.88 1.29 -0.96 3.95 4.42 2.44 0.22
-3.20 -3.69 0.84 -1.24 -6.47 -3.27 -0.92 -0.39 -1.49 4.42 5.89 11.14 11.05
5.23 4.32 5.98 6.91 10.77 10.19 5.90 5.84 7.58 7.07 8.42 10.51 9.06
3.54 4.44 4.62 4.70 3.24 3.56 3.98 4.08 3.90 2.96 1.81 3.18 2.86
4.78 4.87 8.89 3.83 -0.42 -1.19 3.61 7.38 8.84 11.12 6.78 2.46 4.94
-5.92 -8.17 -4.56 -0.83 -4.45 -6.72 -5.81 -3.95 -0.46 -0.09 -2.38 -0.10 -0.68

-1.83 -1.23 -0.51 7.07 7.76 1.62 -1.27 0.51 10.10 10.50 6.15 2.69 2.57
1.01 2.21 3.00 1.96 1.66 -0.04 -0.79 0.29 2.42 3.32 3.09 2.88 5.03
6.23 10.70 14.02 9.54 6.68 7.72 10.98 13.05 13.60 17.45 17.57 10.05 4.64
0.00 0.00 0.00 0.00 0.00 0.00 0.00 0.00 0.00 0.00 0.00 0.00 0.00
1.60 4.04 6.11 3.25 -0.19 0.83 6.91 9.24 9.36 12.08 12.65 6.89 2.19
3.74 4.42 -0.28 -1.30 -2.81 -1.07 5.77 8.77 13.68 16.52 19.76 12.93 9.74
建筑业 0.00 0.00 0.00 0.00 0.00 0.00 0.00 0.00 0.00 0.00 0.00 0.00 0.00

12.86 11.85 9.97 5.76 5.91 4.02 4.19 6.37 8.38 10.53 10.78 4.85 8.93房屋建筑业
主要行业用电量同比
有色金属冶炼及压延业
汽车制造业
新能源车整车制造
运输设备制造业
电气机械和器材制造业
光伏设备
造纸及纸制品业
石油、煤炭等燃料加工业
化学原料及制品制造业
橡胶和塑料制品业
非金属矿物制品业
煤炭采选
石油天然气采选
有色金属采选
黑色金属冶炼及压延业
黑色金属采选
酒饮料茶制造业
纺织服饰业
计算机、通信等电子设备制造业
非金属采选
农副食品加工业
资料来源：WIND、华联期货研究所


===== Page 19 =====

工业企业利润总额
图：工业企业利润总额累计同比 图：工业企业利润总额当月值（手工计算）
资料来源：WIND、华联期货研究所 资料来源：WIND、华联期货研究所
2026年1—3月份，全国规模以上工业企业实现利润总额16960.4亿元，同比增长15.5%。其中采矿业实现利润总额2563.3亿元，同比增长16.2%；制造业实现利润总额12384.3
亿元，增长19.1%；电力、热力、燃气及水生产和供应业实现利润总额2012.8亿元，下降3.2%。
主要行业利润情况如下：计算机、通信和其他电子设备制造业利润同比增长1.2倍，有色金属冶炼和压延加工业增长1.2倍，化学原料和化学制品制造业增长54.5%，煤炭开采
和洗选业增长6.7%，石油、煤炭及其他燃料加工业由亏转盈 ，电气机械和器材制造业持平，石油和天然气开采业下降1.4%，通用设备制造业下降1.9%，电力、热力生产和供
应业下降3.4%，农副食品加工业下降6.0%，纺织业下降7.8%，专用设备制造业下降8.2%，汽车制造业下降17.7%，非金属矿物制品业下降42.6%，黑色金属冶炼和压延加工业

由盈转亏。
2000
3000
4000
5000
6000
7000
8000
9000
1月 2月 3月 4月 5月 6月 7月 8月 9月 10月 11月 12月
2019 2020 2021 2022 2023 2024 2025 2026
-20
-10
0
10
20
30
40
50
2021-03
2021-06
2021-09
2021-12
2022-03
2022-06
2022-09
2022-12
2023-03
2023-06
2023-09
2023-12
2024-03
2024-06
2024-09
2024-12
2025-03
2025-06
2025-09
2025-12
2026-03


===== Page 20 =====

工业门类财务指标
图：三大工业门类利润总额累计同比 图：三大工业门类营业收入累计同比
资料来源：WIND、华联期货研究所 资料来源：WIND、华联期货研究所
2026年1—3月份，规模以上工业企业实现营业收入33.19万亿元，同比增长5.0%；发生营业成本28.19万亿元，增长4.5%；营业收入利润率为5.11%，同比上升0.46个百分点。
-40
-30
-20
-10
0
10
20
30
40
50
利润总额 采矿业 制造业 电力、热力、燃气及水生产和供应业
-20
-10
0
10
20
30
40
50
营业收入 采矿业 制造业 电力、热力、燃气及水生产和供应业


===== Page 21 =====

规模以上工业企业利润
图：规模以上工业企业当月利润（分产业链上下游）（亿元）
2025年3月 2025年4月 2025年5月 2025年6月 2025年7月 2025年8月 2025年9月 2025年10月 2025年11月 2025年12月 2026年1月 2026年2月 2026年3月 过去两年累计同比值走势
5983.70 6076.60 6034.10 7160.70 5838.50 6726.20 6802.30 5770.90 6765.70 7713.40 5122.80 5122.80 6714.80
550.50 223.00 237.00 227.80 174.60 271.10 309.10 324.00 399.70 549.90 265.65 265.65 591.25
671.80 268.30 270.90 281.60 272.60 277.70 204.10 221.80 162.60 -188.30 268.05 268.05 711.95
53.35 35.50 40.80 61.30 36.50 39.50 40.40 46.40 55.80 20.50 35.30 35.30 74.60

179.75 105.40 109.40 120.70 111.20 102.60 117.10 124.20 105.60 92.50 160.55 160.55 348.15
39.20 36.80 40.00 18.70 39.80 37.50 32.60 39.50 33.90 9.10 34.70 34.70 44.40
-16.20 -72.80 -76.40 19.40 34.60 16.10 24.70 -46.40 -11.30 6.50 0.90 0.90 228.50
82.85 94.10 147.70 145.90 180.80 193.40 136.40 79.80 61.80 -16.70 -12.35 -12.35 -21.05
474.55 258.60 301.20 365.60 276.80 338.90 326.40 366.50 438.30 705.90 455.25 455.25 964.55
41.00 14.00 16.30 43.40 17.50 19.40 41.50 1.10 36.60 70.90 11.05 11.05 55.85

202.85 163.40 159.40 107.80 136.70 123.70 156.00 116.10 156.10 187.00 88.80 88.80 187.70
577.90 362.40 365.80 298.80 319.30 326.90 341.80 315.10 320.00 328.50 270.20 270.20 898.50
157.25 184.70 175.90 118.10 123.90 141.70 184.10 149.00 174.30 286.50 50.85 50.85 45.45
833.35 570.60 564.40 862.30 522.40 603.10 788.10 762.70 694.40 1113.70 535.95 535.95 1633.65
25.15 13.20 13.10 21.10 22.50 14.00 14.90 38.10 27.90 21.30 11.65 11.65 25.95
175.50 140.50 138.80 128.40 118.30 118.00 122.00 108.40 131.10 174.20 86.40 86.40 209.20

389.15 230.30 214.80 339.70 178.70 234.40 288.80 216.70 340.80 460.50 113.05 113.05 335.95
636.70 379.00 455.90 662.80 292.80 298.10 447.40 412.10 508.30 207.30 217.50 217.50 566.00
766.20 670.10 550.50 615.60 508.40 534.50 587.80 479.50 620.60 765.40 303.10 303.10 730.10
445.90 339.40 315.10 328.10 306.90 305.70 340.50 268.10 347.50 427.20 174.65 174.65 423.55
112.75 105.10 84.30 152.40 80.90 75.30 108.20 86.70 143.70 173.00 35.85 35.85 113.15
49.80 30.60 29.80 22.80 26.20 80.00 29.00 17.20 24.70 30.30 17.15 17.15 30.85

36.50 22.10 22.10 18.90 21.40 16.70 17.90 4.90 18.30 18.90 9.25 9.25 22.65
190.05 116.80 102.70 95.70 83.80 111.50 120.50 101.80 132.90 197.60 101.35 101.35 147.95
62.95 24.20 28.30 34.40 28.00 25.60 41.90 40.90 53.20 77.70 25.20 25.20 56.70
85.00 72.60 60.90 46.90 65.20 59.40 66.30 48.10 77.60 119.90 33.00 33.00 55.70
45.20 38.60 27.00 23.30 26.70 28.00 28.30 15.40 26.30 35.20 17.95 17.95 32.75
545.00 163.30 181.60 288.10 202.40 610.60 199.30 144.90 48.90 153.80 221.45 221.45 437.85

20.05 22.20 19.90 27.20 45.50 19.10 25.80 17.60 30.00 83.70 9.90 9.90 10.70
65.80 52.40 39.90 46.50 49.40 45.90 58.90 43.10 26.70 53.40 29.55 29.55 45.75
468.05 119.10 110.70 113.70 155.60 125.30 144.50 80.80 109.50 -86.10 316.15 316.15 429.15
47.90 36.10 31.00 57.30 41.10 30.00 38.90 34.60 44.20 52.60 29.15 29.15 25.05
579.60 244.50 263.50 413.70 181.30 181.30 405.30 163.60 297.40 494.20 230.75 230.75 514.55
计算机通信设备
金属制品
油气开采
黑色金属采选
有色金属采选
非金属采选

纺织
印刷
酒饮料茶
家具制造
文娱用品
农副食品加工
造纸
规模以上工业企业利润当月值
采掘
原材料
有色金属冶炼
化学原料
石油煤炭加工
化学纤维
黑色加工
橡胶塑料制品
非金属矿物
煤炭开采
下游制造
烟草制品
纺织服饰
医药制造
专用设备
通用设备
仪表仪器
皮革制鞋
木材加工
中游制造
运输设备制造
汽车制造
电气机械
资料来源：WIND、
华联期货研究所


===== Page 22 =====

工业企业库存
图：工业企业产成品库存和PPI 图：分行业产成品存货名义同比
资料来源：WIND、华联期货研究所 资料来源：WIND、华联期货研究所
2026年3月末，规模以上工业企业应收账款27.03万亿元，同比增长6.7%；产成品存货6.78万亿元，增长5.2%。
-10.00
-5.00
0.00
5.00
10.00
15.00
20.00
-10.00
-5.00
0.00
5.00
10.00
15.00
20.00
2020-12
2021-03
2021-06
2021-09
2021-12
2022-03
2022-06
2022-09
2022-12
2023-03
2023-06
2023-09
2023-12
2024-03
2024-06
2024-09
2024-12
2025-03
2025-06
2025-09
2025-12
采掘产成品存货同比 原材料产成品存货同比 中游制造产成品存货同比
下游制造产成品存货同比 产成品存货同比
-10
-5
0
5
10

15
20
-10
-5
0
5
10
15
20
工业产成品库存名义同比 工业产成品库存实际同比 PPI同比


===== Page 23 =====

工业企业存货
图：规模以上工业企业存货（分产业链上下游）（亿元）
资料来源：WIND、华联期货研究所
168863.40 171340.70 172251.70 170572.80 172362.70 174186.90 174496.10 176615.10 178621.30 175222.20 178567.60 181172.10
1560.60 1569.00 1583.70 1612.20 1583.70 1567.70 1550.80 1552.00 1557.20 1523.10 1490.70 1525.40
195.40 202.20 202.10 200.70 206.60 200.30 212.30 221.40 238.00 208.30 203.10 199.30
347.90 352.30 355.00 355.60 354.90 352.80 357.10 363.10 363.00 350.50 315.40 323.70
375.50 378.80 379.80 383.00 388.40 400.70 402.30 419.40 435.10 416.10 415.10 417.10

494.10 499.80 508.30 510.30 511.00 508.50 520.70 523.20 514.30 520.20 556.60 565.70
5340.40 5310.80 5265.60 5291.60 5213.30 5177.60 5131.30 5014.10 5084.10 5050.90 5038.50 5608.30
7889.80 7809.90 7784.20 7675.20 7586.80 7733.50 7900.60 8013.90 8026.50 7943.80 8288.90 8121.30
8969.80 8932.30 9068.30 9155.90 9180.80 9245.50 9396.20 9670.40 9989.50 10145.80 11092.40 11044.60
1395.60 1373.80 1332.20 1319.80 1327.00 1323.50 1315.60 1278.20 1242.50 1226.00 1341.00 1301.60

4015.20 4054.70 4065.10 4001.30 4005.10 4011.60 4033.40 4027.40 4031.80 3991.70 3986.60 4066.20
10218.30 10170.50 10197.30 10090.50 10109.80 10165.40 10163.10 10366.50 10341.00 10280.40 10841.10 10773.30
6948.80 7022.80 7057.10 7047.80 7059.90 7064.00 7074.10 7147.20 7126.00 6956.80 6636.40 6692.90
22335.00 23132.90 23412.10 22865.30 23452.90 24241.70 24251.50 24602.80 24960.30 24281.60 25717.10 26421.70
473.90 434.00 443.00 447.10 465.50 489.40 483.80 489.50 477.10 443.50 488.70 487.80

3482.40 3736.00 3728.80 3611.00 3806.10 3945.30 3844.90 3933.10 3945.60 3739.30 3940.20 3930.60
10833.00 11159.10 11295.40 11191.30 11366.90 11482.00 11342.20 11442.00 11414.20 10801.10 11182.70 11297.20
9330.40 9371.40 9350.40 9035.60 9245.10 9326.40 9561.40 9839.90 10016.70 9508.20 9946.30 10166.40
13687.40 14065.80 14077.20 13840.60 14177.50 14433.00 14578.40 14855.20 15005.10 14389.00 15059.90 15490.00
10325.90 10545.30 10639.80 10523.00 10739.60 10873.30 10814.10 10929.80 10981.70 10617.30 10928.70 11061.30

2540.50 2609.60 2645.10 2608.30 2671.10 2716.50 2697.60 2732.40 2737.40 2553.40 2687.00 2758.60
1024.90 1044.60 1048.10 1050.30 1051.40 1047.90 1046.50 1051.70 1047.60 1044.80 962.70 988.30
990.10 1009.90 1015.00 1010.40 1010.00 1007.00 1003.50 992.30 992.30 974.30 838.90 864.80
6274.10 6280.10 6324.40 6374.30 6354.60 6255.70 6215.60 6314.10 6637.00 6798.60 6344.70 6544.70
1814.20 1846.50 1822.40 1838.80 1815.50 1807.90 1784.50 1767.80 1798.50 1845.80 1795.30 1823.00

3989.00 4015.70 4003.30 4015.30 4020.10 4056.00 4062.90 4063.70 4084.80 4060.90 3925.30 3988.70
814.10 814.30 817.90 811.30 824.60 835.30 830.30 827.20 828.80 816.00 789.50 810.50
4994.10 5077.80 5125.20 5116.60 5165.70 5230.60 5218.70 5247.40 5353.20 5490.80 5287.50 5258.80
855.40 861.10 861.70 859.30 866.90 880.60 891.90 891.00 898.50 869.70 791.80 810.10
2273.60 2317.90 2348.80 2349.80 2355.70 2365.80 2358.80 2352.30 2386.30 2425.00 2320.70 2348.10

4346.90 4369.50 4373.90 4356.90 4250.80 4145.80 4193.90 4231.70 4366.80 4451.00 4334.00 4411.70
5507.50 5597.10 5619.50 5597.20 5736.70 5737.80 5595.30 5660.40 5659.80 5583.40 5574.00 5510.70
过去两年同比值走势2025年4月 2025年5月 2025年6月 2025年7月 2025年8月 2025年9月 2025年10月 2025年11月 2025年12月 2026年2月 2026年3月
烟草制品
医药制造
下游制造
2025年3月
皮革制鞋
木材加工
农副食品加工
造纸
纺织
印刷
酒饮料茶
家具制造
文娱用品
中游制造
计算机通信设备
金属制品
仪表仪器
原材料
石油煤炭加工
黑色加工
有色金属冶炼
化学纤维
橡胶塑料制品
化学原料
非金属矿物
运输设备制造
专用设备
汽车制造
电气机械
通用设备

规模以上工业企业存货
采掘
煤炭开采
油气开采
黑色金属采选
有色金属采选
非金属采选


===== Page 24 =====

价格指数


===== Page 25 =====

CPI和核心CPI
图：CPI 图：核心CPI
资料来源：WIND、华联期货研究所 资料来源：WIND、华联期货研究所
2026年4月份，全国居民消费价格同比上涨1.2%，环比上涨0.3%。其中，食品价格下降1.6%，非食品价格上涨1.8%；消费品价格上涨1.4%，服务价格上涨0.9%。1—4月平均，
全国居民消费价格比上年同期上涨0.9%。
食品烟酒及在外餐饮类价格同比下降0.8%，影响CPI下降约0.24个百分点。食品中，畜肉类价格下降6.7%，影响CPI下降约0.28个百分点，其中猪肉价格下降15.2%，影响CPI
下降约0.29个百分点；鲜果价格下降1.0%，影响CPI下降约0.02个百分点；鲜菜价格下降0.5%，影响CPI下降约0.01个百分点；水产品价格上涨1.3%，影响CPI上涨约0.02个百
分点。其他用品及服务、交通通信、医疗保健价格分别上涨11.0%、4.6%和2.2%，衣着、生活用品及服务、教育文化娱乐价格分别上涨1.5%、1.4%和1.3%；居住价格下降0.2%
。

-1
0
1
2
3
4
5
6
7
-1.5
-1
-0.5
0
0.5
1
1.5
2
2010 2011 2012 2013 2014 2015 2016 2017 2018 2019 2020 2021 2022 2023 2024 2025 2026
CPI环比 CPI同比（右轴）
-1
0
1
2
3
4
5
6
7
-1
-0.5
0
0.5
1
1.5
2
2010 2011 2012 2013 2014 2015 2016 2017 2018 2019 2020 2021 2022 2023 2024 2025 2026
核心CPI环比 核心CPI同比（右轴）


===== Page 26 =====

CPI
图：CPI分项同环比
2025-04 2025-05 2025-06 2025-07 2025-08 2025-09 2025-10 2025-11 2025-12 2026-01 2026-02 2026-03 2026-04 近两年环比值走势
-0.1 -0.1 0.1 0 -0.4 -0.3 0.2 0.7 0.8 0.2 1.3 1 1.2
食品烟酒 0.3 0.1 0.1 -0.8 -2.5 -2.6 -1.6 0.3 0.8 -0.2 1.4 0.4 -0.8
-1.4 -1.4 -1.2 -1 -0.8 -0.7 -0.7 -0.4 -0.3 -0.1 -0.4 -0.3 -0.3
5 3.1 -8.5 -9.5 -16.1 -17 -16 -15 -14.6 -13.7 -8.6 -11.5 -15.2
-0.5 -3.5 -7.7 -11.2 -12.4 -11.9 -11.6 -12.5 -12.7 -9.2 -2.9 -3.1 0.5
5.2 5.5 6.1 2.8 -3.7 -4.2 -2 0.7 4.4 3.2 5.9 4 -1

衣着 1.3 1.5 1.6 1.7 1.8 1.7 1.7 1.9 1.7 1.9 1.9 1.6 1.5
1.5 1.7 1.7 1.8 1.9 1.8 1.8 2 1.8 2.1 2 1.7 1.6
0.6 0.8 1.1 1.2 1.3 1.4 1.5 1.6 1.4 1.4 1.4 1.2 1
居住 0.1 0.1 0.1 0.1 0.1 0.1 0.1 0 -0.2 -0.1 -0.2 -0.2 -0.2
-0.1 -0.1 -0.1 -0.1 -0.1 0 -0.1 -0.2 -0.3 -0.4 -0.5 -0.5 -0.6
0.3 0.3 0.4 0.5 0.4 0.4 0.3 0.3 0.3 0.4 0.4 0.6 0.6
0.2 0.1 0.7 1.2 1.8 2.2 1.9 2.1 2.2 2.6 2.8 1.5 1.4
-0.2 -0.2 1 2.8 4.6 5.5 5 4.9 5.9 6.6 5.3 2.4 2.6
1.7 1.7 1.7 1.7 1.6 1.6 1.6 1.6 1.2 -2.3 3.8 1.1 1.1

交通通信 -3.9 -4.3 -3.7 -3.1 -2.4 -2 -1.5 -2.3 -2.6 -3.4 -0.7 0.9 4.6
-3.8 -3.4 -2.8 -2.1 -1.9 -1.9 -1.9 -2 -1.9 -1.5 -1.2 -1.1 -1.2
1 0.7 -0.3 0.1 0.8 1.5 1.2 -0.7 -0.7 1.3 1.9 2.6 4.2
0.7 0.9 1 0.9 1 0.8 0.9 0.8 0.9 0 2 1.1 1.3
1.2 1.2 1.2 1.1 1.2 0.8 0.7 0.6 0.6 0.5 0.5 0.5 0.5
-0.5 0.9 0.8 0.5 0.7 0.9 2.1 2 2.1 -6.6 11.7 3.2 4
医疗保健 0.2 0.3 0.4 0.5 0.9 1.1 1.4 1.6 1.8 1.7 1.9 1.9 2.2
0.1 0 -0.1 -0.6 -0.9 -0.8 -0.9 -1.1 -1.2 -1.4 -1.4 -1.6 -1.5
-1.1 -1.2 -1.3 -1.2 -1.2 -1.3 -1.3 -1.3 -1.3 -1 -1 -1 -1.7

CPI同比：全部消费品
中药
西药
猪肉
粮食
鲜果
蛋类
教育文化娱乐
家庭服务
交通工具
通讯工具
教育服务
旅游
租赁房房租
水电燃料
服装
鞋类
家用器具
生活用品及服务
资料来源：WIND、
华联期货研究所


===== Page 27 =====

PPI
图：PPI 图：工业品综合价格指数与PPI
资料来源：WIND、华联期货研究所 资料来源：WIND、华联期货研究所
-6
-3
0
3
6
9
12
-1.5
-1
-0.5
0
0.5
1
1.5
2
2.5
3
PPI环比 PPI同比（右轴）
-0.1
-0.05
0
0.05
0.1
0.15
-0.4
-0.3
-0.2
-0.1
0
0.1
0.2
0.3
0.4
0.5
0.6
0.7
2016-01
2016-06
2016-11
2017-04
2017-09
2018-02
2018-07
2018-12
2019-05
2019-10
2020-03
2020-08
2021-01
2021-06
2021-11
2022-04
2022-09
2023-02
2023-07
2023-12
2024-05
2024-10
2025-03
2025-08
2026-01
南华商品综合指数月同比 南华工业品指数月同比
CRB现货指数月同比 PPI当月同比（右轴）


===== Page 28 =====

PPI
图：PPI同比
资料来源：WIND、华联期货研究所
2026年4月份，全国工业生产者出厂价格同比上涨2.8%，涨幅比上月扩大2.3%，环比上涨1.7%。1—4月平均，工业生产者出厂价格比上年同期上涨0.2%。
工业生产者出厂价格同比变化中，生产资料价格上涨3.8%，影响工业生产者出厂价格总水平上涨约2.98个百分点。其中，采掘工业价格上涨10.6%，原材料工业价格上涨7.1%
，加工工业价格上涨1.5%。生活资料价格下降1.0%，影响工业生产者出厂价格总水平下降约 0.23个百分点。其中，食品价格下降1.9%，衣着和一般日用品价格均下降1.1%，
耐用消费品价格下降0.3%。
工业生产者出厂价格环比变化中 ，生产资料价格上涨2.1%，影响工业生产者出厂价格总水平上涨约 1.68个百分点。其中，采掘工业价格上涨5.7%，原材料工业价格上涨4.9%
，加工工业价格上涨0.4%。生活资料价格下降0.1%，影响工业生产者出厂价格总水平下降约 0.02个百分点。其中，食品价格下降0.4%，衣着价格下降0.1%，一般日用品和耐

用消费品价格均上涨0.1%。
2025年4月 2025年5月 2025年6月 2025年7月 2025年8月 2025年9月 2025年10月 2025年11月 2025年12月 2026年1月 2026年2月 2026年3月 2026年4月
-2.7 -3.3 -3.6 -3.6 -2.9 -2.3 -2.1 -2.2 -1.9 -1.4 -0.9 0.5 2.8
生产资料 -3.1 -4.0 -4.4 -4.3 -3.2 -2.4 -2.4 -2.4 -2.1 -1.3 -0.7 1.0 3.8
-9.4 -11.9 -13.2 -14.0 -11.5 -9.0 -7.8 -6.1 -4.7 -8.1 -5.3 2.0 10.6
-3.6 -5.4 -5.5 -5.4 -4.1 -2.9 -2.5 -2.9 -2.6 -2.0 -1.9 1.1 7.1
-2.3 -2.8 -3.2 -3.1 -2.2 -1.7 -1.9 -1.9 -1.6 -0.4 0.3 0.9 1.5
生活资料 -1.6 -1.4 -1.4 -1.6 -1.7 -1.7 -1.4 -1.5 -1.3 -1.7 -1.6 -1.3 -1.0

-1.4 -1.4 -2.0 -1.8 -1.7 -1.7 -1.6 -1.5 -1.5 -1.9 -1.8 -1.7 -1.9
-0.1 0.0 0.1 -0.1 0.0 -0.3 -0.3 -0.3 -0.1 -0.7 -1.0 -1.1 -1.1
0.6 0.6 0.8 0.6 0.4 0.7 1.0 1.1 1.4 -1.8 -1.8 -1.4 -1.1
-3.7 -3.3 -2.7 -3.5 -3.7 -3.9 -3.2 -3.6 -3.5 -1.8 -1.6 -1.0 -0.3
食品类
衣着类
日用品
耐用消费品
PPI：全部工业品 近两年同比值走势
采掘
原材料
加工


===== Page 29 =====

PPI
图：主要行业出厂价格
资料来源：WIND、华联期货研究所
2025-04 2025-05 2025-06 2025-07 2025-08 2025-09 2025-10 2025-11 2025-12 2026-01 2026-02 2026-03 2026-04 近两年同比变化
-15.2 -18.2 -21.8 -23 -19.8 -16.8 -15.6 -11.8 -8.9 -9.8 -7 -2.2 3.1
-14.2 -17.3 -12.6 -12.6 -9.7 -8.6 -8.4 -10.3 -11.5 -16.7 -12.9 5.2 28.6
-6.3 -7 -8.8 -9.1 -5.3 1.5 2.1 2.4 1.8 3 1 0.1 1.3
19 14.8 12 11.1 11.8 13.9 18.9 20.2 24 22.7 30.2 36.4 38.9
-3.2 -2.8 -3.7 -3.3 -2.9 -2.6 -2.3 -2 -1.8 -1.6 -1.5 -1.5 -1.3

-0.9 -1 -1.1 -1.1 -1.2 -1.3 -1.1 -1.2 -1.5 -2.1 -2.2 -2 -1.6
-0.8 -0.6 -0.6 -0.2 -0.7 -0.4 -0.5 -0.6 -0.6 -1.9 -2.1 -2.1 -2.9
-2.5 -2.6 -2.5 -2.7 -2.4 -2.4 -2.2 -2 -1.8 -1.6 -1.4 -0.8 0.2
-0.2 -0.2 -0.1 -0.3 -0.3 -0.6 -0.7 -0.6 -0.4 -1.1 -1.5 -1.5 -1.5
-3.7 -3.6 -3.4 -3.5 -3.5 -2.5 -1.4 0 -0.6 -2.4 -3.2 -2.2 -1.2
-11.1 -14.7 -13.5 -12.8 -10.5 -7.8 -5.8 -7.2 -7.9 -11.5 -12 -4.5 14.2
-4.1 -5.3 -6.1 -6.5 -5.7 -5.2 -5 -5.2 -4.8 -5 -3.7 -0.3 8.9
-1.6 -2 -1.9 -2.4 -2.9 -3 -3.4 -3.9 -3.9 -4.4 -4.7 -4.6 -4.7

-6.5 -7.5 -7.7 -8.9 -9.3 -7.9 -8.2 -7.8 -6.9 -6.4 -6 -2.3 5.4
-1.8 -1.8 -2.2 -2.5 -2.6 -2.7 -2.8 -3.2 -3.3 -4.1 -4.2 -3.4 -1.3
-2.4 -2.7 -4.3 -5 -5.4 -5 -5.3 -6.4 -6.8 -5.4 -4.9 -4.9 -5.5
-8.6 -10.2 -11.3 -10 -4 -0.6 -4.5 -5.2 -4.7 -3.7 -3.4 -2.5 -1.1
6.4 2.3 0.9 2.2 4.8 6.5 6.8 7.8 10.8 17.1 22.1 22.4 22.5
-2.3 -2.3 -2.6 -2.7 -2.3 -1.8 -1.5 -1.7 -1.3 -0.7 -0.2 0.2 0.5
-1.3 -1.3 -1.5 -1.6 -1.7 -1.8 -1.7 -1.8 -1.7 -1.3 -1.1 -1.2 -1
-3.3 -3.1 -2.2 -2.7 -2.7 -3 -2.3 -2.3 -1.9 -2.5 -2.4 -2.5 -2

-2.4 -2.2 -2.3 -2.4 -2.4 -2.5 -2 -2.1 -2.2 -1.6 -0.9 0.4 1.5
-1.5 -1.5 -1.3 -1.7 -1.6 -1.7 -1.5 -2 -2 -2.3 -5.5 -3.8 -4.2
-0.5 -0.1 0 -0.1 -0.4 -1.4 -1.9 -1.9 -1.9 -2.5 -2.5 -2.4 -0.6
农副食品加工
食品制造业
酒、饮料和精制茶制造业
通用设备制造业
有色金属冶炼及压延加工业
金属制品业
纺织业
纺织服装、服饰业
造纸及纸制品
石油、煤炭及其他燃料加工
化学原料及化学制品制造业
医药制造业
汽车制造业
计算机、通信和其他电子设备制造业
电力、热力的生产和供应业
燃气生产和供应业
主要行业出厂价格同比值
化学纤维制造业
橡胶和塑料制品业
非金属矿物制品业
黑色金属冶炼及压延加工业
开采洗选
食品纺织
加工制造
煤炭采选
石油和天然气开采
黑色金属采选
有色金属采选


===== Page 30 =====

PPIRM
图：工业生产者购进价格
资料来源：WIND、华联期货研究所
2025-04 2025-05 2025-06 2025-07 2025-08 2025-09 2025-10 2025-11 2025-12 2026-01 2026-02 2026-03 2026-04 近两年同比走势
-2.7 -3.6 -4.3 -4.5 -4 -3.1 -2.7 -2.5 -2.1 -1.4 -0.7 0.8 3.5
-7.7 -9.8 -10.4 -10.8 -9.7 -8.1 -7.4 -6.9 -5.7 -7.1 -8.4 -3.8 4.4
-6.7 -7.3 -8 -8 -5.6 -2.9 -2.8 -3 -3.3 -2.9 -3.1 -2.3 -0.9
8.5 4.6 2.4 2.8 4.7 6.6 7.5 8.1 10.5 16.1 21.3 22.3 21.3
-4.1 -5.4 -6.2 -6.5 -6.2 -5.5 -5 -5 -4.9 -5.8 -5 -2.2 5.9
-3.1 -3.9 -4.2 -4.1 -4 -3.9 -3.1 -2.4 -2.3 -2.5 -3 -2.9 -2.2

-1.4 -1.1 -2.6 -3.8 -4.7 -4.5 -4.5 -5.8 -6.4 -4.7 -4.5 -4.4 -5.1
-1.6 -1.8 -2 -2 -1.8 -1.6 -1.4 -1.2 -1.1 -1 -0.3 0 0.3
-2.9 -2.6 -4.2 -4.6 -5.6 -5.4 -5.2 -4.9 -4.1 -2.9 -2.3 -2.7 -2.1
-2.3 -2.5 -2.4 -2.5 -2 -1.7 -1.8 -1.9 -1.9 -2.2 -1.9 -0.6 1
建筑材料及非金属类
其它工业原材料及半成品类
农副产品类
纺织原料类
工业生产者购进价格
燃料动力类
黑色金属材料类
有色金属材料及电线类
化工原料类
木材及纸浆类
工业生产者购进价格同比变化中，有色金属材料及电线类价格上涨21.3%，化工原料类价格上涨5.9%，燃料动力类价格上涨4.4%，纺织原料类价格上涨1.0%；建筑材料及非金
属类价格下降5.1%，农副产品类价格下降2.1%，黑色金属材料类价格下降0.9%。

工业生产者购进价格环比变化中 ，化工原料类价格上涨 7.3%，燃料动力类价格上涨 6.3%，纺织原料类价格上涨 1.3%，黑色金属材料类价格上涨 0.6%，农副产品类价格上涨
0.3%；建筑材料及非金属类价格下降1.0%，有色金属材料及电线类价格下降0.1%。


===== Page 31 =====

主要城市新建住宅价格
图：70个大中城市新建商品住宅价格指数当月同比 图：70个大中城市新建商品住宅价格指数当月环比
资料来源：国家统计局、华联期货研究所 资料来源：国家统计局、华联期货研究所
-8
-5
-2
1
4
7
10
13
2016-03
2016-09
2017-03
2017-09
2018-03
2018-09
2019-03
2019-09
2020-03
2020-09
2021-03
2021-09
2022-03
2022-09
2023-03
2023-09
2024-03
2024-09
2025-03
2025-09
2026-03
70城新建住宅当月同比 一线城市 二线城市 三线城市
-0.9
-0.6
-0.3
0
0.3
0.6
0.9
1.2
2016-03
2016-09
2017-03
2017-09
2018-03
2018-09
2019-03
2019-09
2020-03
2020-09
2021-03
2021-09
2022-03
2022-09

2023-03
2023-09
2024-03
2024-09
2025-03
2025-09
2026-03
70城新建住宅当月环比 一线城市 二线城市 三线城市
2026年3月份，一线城市新建商品住宅销售价格同比下降2.2%，降幅与上月相同。其中，上海上涨3.7%，北京、广州和深圳分别下降2.1%、4.7%和5.5%。二线城市新建商品住
宅销售价格同比下降3.3%，降幅扩大0.2个百分点。三线城市新建商品住宅销售价格同比下降4.0%，降幅与上月相同。
2026年3月份，一线城市新建商品住宅销售价格环比由上月持平转为上涨0.2%。其中，北京新房价格环比持平，上海、广州和深圳分别上涨0.3%、0.3%和0.2%。二、三线城市
新建商品住宅销售价格环比分别下降0.2%和0.3%，降幅均与上月相同。70个大中城市中，新建商品住宅销售价格环比上涨城市有14个，比上月增加4个。


===== Page 32 =====

主要城市二手住宅价格
图：70个大中城市二手商品住宅价格指数当月同比 图：70个大中城市二手商品住宅价格指数当月环比
资料来源：国家统计局、华联期货研究所 资料来源：国家统计局、华联期货研究所
-12
-8
-4
0
4
8
12
16
2016-03
2016-08
2017-01
2017-06
2017-11
2018-04
2018-09
2019-02
2019-07
2019-12
2020-05
2020-10
2021-03
2021-08
2022-01
2022-06
2022-11
2023-04
2023-09
2024-02
2024-07
2024-12
2025-05
2025-10
2026-03
70城二手住宅当月同比 一线城市 二线城市 三线城市
-2
-1.5
-1
-0.5
0
0.5
1
1.5
2
2016-03
2016-08
2017-01
2017-06
2017-11
2018-04
2018-09
2019-02
2019-07
2019-12

2020-05
2020-10
2021-03
2021-08
2022-01
2022-06
2022-11
2023-04
2023-09
2024-02
2024-07
2024-12
2025-05
2025-10
2026-03
70城二手住宅当月环比 一线城市 二线城市 三线城市
2026年3月份，一线城市二手住宅销售价格同比下降 7.4%，降幅比上月收窄0.2个百分点。其中，北京、上海、广州和深圳同比分别下降8.3%、6.2%、8.1%和7.0%。二线城市
二手住宅销售价格同比下降6.2%，降幅与上月相同。三线城市二手住宅销售价格同比下降6.4%，降幅扩大0.1个百分点。
2026年3月份，一线城市二手住宅销售价格环比由上月下降0.1%转为上涨0.4%。其中，北京、上海、广州和深圳环比分别增长0.6%、0.4%、0.2%和0.4%。二、三线城市二手住
宅销售价格环比分别下降0.2%和0.4%，降幅分别收窄0.2个和0.1个百分点。70个大中城市中，二手住宅销售价格环比上涨城市有13个，比上月增加11个。


===== Page 33 =====

对外贸易与投资


===== Page 34 =====

进出口贸易帐
图：中国进出口总额（亿美元） 图：进出口贸易--分国家及地区
资料来源：WIND、华联期货研究所 资料来源：WIND、华联期货研究所
0
200
400
600
800
1000
1200
1400
1600
1000
1500
2000
2500
3000
3500
4000
贸易差额（右轴） 进口金额 出口金额
0%
10%
20%
30%
40%
50%
60%
70%
80%
90%
100%
2021-04
2021-06
2021-08
2021-10
2021-12
2022-02
2022-04
2022-06
2022-08
2022-10
2022-12
2023-02
2023-04
2023-06
2023-08
2023-10
2023-12
2024-02
2024-04
2024-06
2024-08
2024-10
2024-12
2025-02
2025-04
2025-06
2025-08
2025-10
2025-12
2026-02
2026-04

东盟 欧盟 美国 拉丁美洲 日本 韩国 俄罗斯 澳大利亚


===== Page 35 =====

进出口贸易帐
图：中国出口总额（亿美元） 图：中国进口总额（亿美元）
资料来源：WIND、华联期货研究所 资料来源：WIND、华联期货研究所
-30.00
-20.00
-10.00
0.00
10.00
20.00
30.00
40.00
50.00
60.00
1,000.00
1,500.00
2,000.00
2,500.00
3,000.00
3,500.00
出口金额 出口金额同比（右轴）
-30.00
-20.00
-10.00
0.00
10.00
20.00
30.00
40.00
1,000.00
1,300.00
1,600.00
1,900.00
2,200.00
2,500.00
进口金额 进口金额同比（右轴）
海关总署公布数据显示，以美元计价，2026年4月中国进出口总值6340.6亿美元，同比增长18.7%。其中出口总值3594.42亿美元，同比增长14.1%；进口总值2746.18亿美元，
同比增长25.3%；贸易顺差实现848.24亿美元，出口维持较高景气度。

出口结构持续优化升级，中东地缘扰动下，机械设备、化学品、矿物金属等前期强势中游品类出口或阶段性承压；而中国制造的供给替代优势将持续显现 ，叠加美国消费品
补库存、关税环境边际缓和，轻工消费品出口有望持续改善。同时AI产业革命重塑全球进口周期，既支撑发达经济体高端品进口需求 ，也加速新兴经济体工业化进程，将长
期托底我国外贸基本盘。中长期看，中国对欧美传统市场依赖下降，高端产品主要流向东盟、欧盟、中东等多元区域，并且在半导体（AI）、新能源汽车、光伏/锂电三大前
沿赛道，中国已形成全球领先的量价齐升出口优势。


===== Page 36 =====

主要国别出口值
图：主要国别（地区）出口总值表（亿美元）
资料来源：WIND、华联期货研究所
2025-04 2025-05 2025-06 2025-07 2025-08 2025-09 2025-10 2025-11 2025-12 2026-01 2026-02 2026-03 2026-04 近两年同比值走势
3151.2049 3155.9362 3246.8793 3212.4752 3213.2841 3281.8734 3049.39 3300.2719 3573.3902 3566.5356 2998.0768 3210.3265 3594.4214
美国 3302395.2 2881929.5 3816968.5 3582747.8 3160403.7 3430763.7 3492032.4 3378910.4 3417539.8 3679055 3045057.2 2944769.5 3676055.2
东盟 6035220.7 5837356.1 5823487.9 5462580.4 5712216.1 5366072.2 5328929.6 5809022.9 6636142.8 6239929.7 5022709.1 6303061 6953829.4

1718774.9 1732489 1628387.4 1709030.8 1760414.1 1671324.5 1664453 1829269.1 1893856.5 1865199 1257435.2 1976743.9 2143062.8
938241.7 898397.9 983984.8 803403.4 864771.8 807178.5 759661.4 865493.6 1098341.8 1036178.7 830287.71 1046752.9 1124940.4
928828.5 876094.3 895728.3 866292.2 849366.4 820021.5 830890.4 894649.1 1041751.3 990763.42 898047.14 1066329.5 1162353.4
831728.2 767425.9 776300.9 608051.9 790547 625038.3 666785.8 663856.9 816303.54 749136.05 604183.89 723734.33 736850.53

781817 709240.8 713209.5 704054.2 724088.1 707399.9 687455 805463 851627.9 777447.52 686101.64 661978.71 847582.45
507488.3 516032 509067.8 479732.4 449429.5 439071.3 439134.8 430923.8 521545.16 493324.03 461658.06 514332.73 569113.86
欧盟 4671453.6 4950161.9 4922001.5 5000027.8 5168954.4 4802384.6 4389510.4 4714715.2 5191307.3 5391780.8 4707870.3 4677187.4 5298819.8
1035973.9 1051372.1 1007980 1044232.2 1091446.4 997681.7 920141.1 1008378.8 1096759.2 1179077.9 998220.08 1024805.5 1114744.9

828174.7 819698.2 837019.1 848575.1 853650.1 822636.4 720716.3 784387.4 846965.2 839903.69 729678.13 764581.29 851029.18
382236.6 457203.2 446380.5 441373.3 473469.7 405889.6 364906.3 382591.6 428153.71 453333.33 397804.05 381724.78 439560.4
404584.8 417215.8 427570.9 468883.9 470695.2 446487 393656.4 480761.7 495311.77 501817.07 487439.13 422577.19 477036.77
中国香港 2640615.3 2509136.1 2813334.2 2699286.5 2718635.6 3478664.9 3074619.4 3106454.2 3546252.9 3394330.5 2570001.5 3932717 3810370.8

拉丁美洲 2485297.1 2591715 2482889.3 2678099.5 2677366.9 2647425.4 2413175.7 2623359.4 2574073.5 2607139.9 2322663.1 2252512 2826887.9
571978.7 644838.6 609724.6 635825.7 645872.6 642575.1 574019.3 638517.9 617541.84 664936.89 615862.57 609784.55 783549.47
日本 1330321.9 1307630.4 1343461.3 1247675.1 1284429.4 1349020.1 1300457.7 1471312.2 1318661.2 1437595.9 1178611 1437226.1 1384009.5
韩国 1270686.7 1263682.2 1226370.6 1235657.8 1206689.6 1225164.2 1078639.1 1243255.5 1352321.6 1365576.4 1238090.7 1542703.1 1582994.5

印度 1118474.9 1113430.2 1119063 1210102.1 1246714.4 1175725.8 1050626.4 1106304.2 1277454.9 1322698.5 1192791.6 1218007.3 1326112.3
俄罗斯 808909.6 810119.1 828195.2 908073.1 854691.5 886917.2 850764.6 954618.3 1171146.8 907133.97 922280 937161.42 1016754.7
澳大利亚 616555.3 619902.3 608925.8 641578.3 660914 673691.7 719559.4 869800.7 638759.36 729986.8 606473.85 633208.96 669753.68
英国 691835.6 746361.2 762484.1 746347.9 777898.3 771613.2 660463 686707.9 831304.44 812930.64 673809.22 684486.59 758157.16

中国台湾 711343.4 704040 696698.9 822959.3 751544.8 706495.5 672335.9 743091.4 759674.23 825021.42 622110.43 907706.5 902995.99
加拿大 415078.3 471829.3 440549.7 440904.2 429005.4 351757.3 359935.6 393334.4 399668.68 421547.53 416390.09 367046.35 454016.88
主要国家（地区）出口额
巴西
出口总额（亿美元）
越南
马来西亚
泰国
新加坡
印度尼西亚
菲律宾
德国
荷兰
法国
意大利


===== Page 37 =====

主要国别进口值
图：主要国别（地区）进口总值表（亿美元）
资料来源：WIND、华联期货研究所
2025-04 2025-05 2025-06 2025-07 2025-08 2025-09 2025-10 2025-11 2025-12 2026-01 2026-02 2026-03 2026-04 近两年同比值走势
2192.4115 2128.7436 2108.299 2237.9928 2201.042 2389.7815 2160.6726 2189.2128 2436.4259 2342.3413 2090.2318 2699.0356 2746.1821
美国 1256638.9 1080775.2 1160290 1208945.3 1128497.1 1148470.1 1015563.7 1005332.1 1092874.4 981430.56 958821.42 1261115.6 1369420.7
东盟 3316350.7 3124401.5 3254149.3 3140636.4 3277556.9 3650915.4 3246265.3 3209637.7 3570554.9 3390105.1 3002281.2 4123540 4268733

761068.5 704306.4 761650 757156 890962 1034135.6 949668.8 875545 953684.2 925454.9 744750.76 907639.74 1106293.3
916381.6 735223.5 771207.1 664605.6 635402.5 623564.7 620167.4 595152.2 625225.39 528108.01 572512.78 806358.23 750968.24
442405.1 508197.7 498294 468804.8 415198.6 408107.4 365991.8 361046.3 409224.23 404584.1 340061.68 494941.92 559521.7
297158.3 281022 321851.9 337501.7 288472.8 395579.6 316135.4 299088.1 380548.44 401304.45 327607.15 428872.75 508700.62

587227.2 597777.9 642275.4 640913.5 768867.5 864360.2 700946.8 792210.7 864122.22 816019.83 752472.28 1060551.5 936944.27
160515.9 147021.2 125586.6 133581.4 129185 150331.5 134270.9 121914.5 141763.75 108351.87 105687.69 218723.83 203274.4
欧盟 2003987.2 2287785 2328269.5 2454516.5 2283026.8 2517076.5 2213666 2203963 2692222.3 2281799.5 1842677.2 2339604.5 2295284.5
760650.3 821922.9 790988.1 809730.9 816247.9 843044.5 742037.1 746675.7 891820.46 792595.76 603905.6 766040.88 768175.35

107932.2 114353.4 162755.1 185792.7 175317.5 221737.2 180905.7 152963 330160.2 139269.1 99306.889 178485.87 104790.11
262327.6 279938.1 305059.7 310831.6 293307.8 376279 306857.3 310262.7 399065.2 356109.84 254238.96 316854.73 324469.81
195024.2 212365.8 217559.4 213214.1 210932.7 214068.6 214096.4 204977.1 252120.57 217312.85 178371.47 230581.13 259265.39
中国香港 288894.9 212142.2 198576.9 408763 416974.7 423050 348488.6 202046.6 365269.44 465157.34 369008.01 629719.17 450787.97

拉丁美洲 1900966.2 2158808.4 1985486.7 2210601.1 2324044.2 2330568.8 2146408.6 2297950.3 2441720.8 2519243.1 2128497.7 2224565.1 2373565.7
778631.6 1129334.9 1085843 1141038.1 1202758.2 1210286.9 1020925.8 1042997.6 1096958.4 1019509.5 848772.61 771421.8 1075501
日本 1403080.5 1249868.6 1347891.4 1492495.3 1406314.7 1600783.9 1435901.3 1469979.1 1639059.4 1438699.6 1200223.2 1827165.5 1698226.4
韩国 1554056.5 1454975.1 1498825.1 1569656.6 1545424.3 1782520.1 1633092.6 1708674.5 1885133.8 1859754.9 1674344.6 2345528.5 2522217.7

印度 173217.8 151620.3 151458.6 170487.4 149943.6 148569.4 191208.2 191735.2 224175.12 222453.96 152912.86 204077.67 228272.97
俄罗斯 972170.4 960203.6 932146.6 1005758.4 935597.7 1095614.1 1099791.3 1083533.9 1268256.6 1078264.6 996799.48 1276653.1 1354002.8
澳大利亚 1201505.3 1165623.2 1074855.4 1126821.1 1046308.4 1206187.9 1071169.9 1138224.4 1232746.4 1369152.4 1153087.6 1633551.6 1579951.9
英国 170135.2 153105.2 163829.1 181839.2 143385.3 180671.8 150600.1 142509.7 164234.93 152938.3 141860.13 144222.35 157267.14

中国台湾 1971167.1 1927523.3 1714852.8 1938999.5 1901371.5 2223493.7 1983508.5 2025638.2 2133509.2 2052252.7 1754576.7 2364118.2 2417351.9
加拿大 423369.2 364016.7 268858.1 296116.4 397781.4 316697.2 286918 330440.6 345371.14 370590.71 246695.49 323013.03 484915.73
巴西
主要国家（地区）进口总额
越南
马来西亚
泰国
新加坡
印度尼西亚
进口总额（亿美元）
菲律宾
德国
荷兰
法国
意大利


===== Page 38 =====

重点商品出口额
图：重点商品出口额（万美元）
2025-04 2025-05 2025-06 2025-07 2025-08 2025-09 2025-10 2025-11 2025-12 2026-01 2026-02 2026-03 2026-04 近两年同比值走势
17441 20011.1 12777.8 10698.6 10183.1 14794.6 16479.9 18261.2 24500.2 14526.3 9986 15847 15024.625
106990.2 105131.7 109871 111644.2 103527.1 113001 108218.5 118345.2 123118.6 109349.8 88205.9 107961.6 0
164043.5 175910.3 164586.5 167065.3 163309.2 167434.9 164730 181822.8 189628.6 194105.1 125282.2 138213.5 165594.84

912821.5 911551.2 956231.5 873591.6 859693.5 829299.5 773792 888641.3 1003720.2 1075127 829218.9 734695.5 986011.53
283405.5 299904.2 301833.9 244650.3 220300.3 216675.9 205632.1 228667.9 276015.3 295769.2 236616.7 171861.7 251217.91
205187.8 207032.4 216593.9 189048.3 157195.2 147375 145634.3 170579.5 211232.4 227250.5 156706.5 136294.9 90468.265
1257966.4 1263177.3 1204820.7 1160400.9 1239320.2 1196651.6 1125841.9 1227573.3 1257960.3 1419147.7 1138289.2 862095.7 1270511.9

1160655.8 1357773.7 1526671.4 1516175.9 1414590.4 1245324.7 1100348 1159368.6 1341241.2 1380999.2 1106146.5 801432.7 1134785.1
350188.3 382820.9 412380.3 394325.6 332973.2 287950.7 266389.2 313304.5 391066.3 438825.2 311891.3 191683 290204.42
577496.2 563716.3 555757 488441 468733.9 467687.8 470595.8 540570.8 644954.1 719328.7 525110.8 396034.9 556525.49
293532.5 302084.7 364331.7 353217 322797.4 292523.2 252396.1 233916.3 267497.8 297899.5 208510 174326.7 257171.06

337239.8 295953.6 340266.3 360798.8 359907.8 335275 319618.6 363157.8 362725.1 280237.4 255512.2 340404 311907.11
15542.7 9275 19778.9 33055.3 39282.6 36006.3 34119.4 37194.1 38594.9 36448.1 27795.3 35327.8 0
56012.7 71323.3 135709.6 208255.1 188147.5 185566.1 166344.6 138709 81861 56555.2 51410.3 68082.1 81788.19
193733.2 210688.7 200137.8 219787.6 209489.1 189002.4 176242.5 189685.9 197706.8 195613.1 177264.6 194042.2 0
726515 738232 664953.5 690670 663823 710671 669474.9 694517.2 768145.9 530032 571420.6 625450.6 666742.51

153297.6 117344.9 157279.9 196770.5 119679.1 103537.8 144440.6 242411.4 197486.3 233105.8 205199.9 196182.6 0
182210.6 187510.3 166688 183737.2 183192.4 181475 175746.3 200396.5 194990.6 198348 164467 194309.7 239393.49
613499.2 593043.6 584841.3 555912.1 542994.7 588482.9 476073.5 553576.5 638908.6 667401.4 616160.6 499805.6 592616.03
711398.4 716549.5 861610.8 796654.7 750034 840794.9 709532.2 688817.9 752192.2 728179.7 560726.4 905303.7 0
614217.3 585786.3 660022.6 704694.4 715313.3 710100.2 696784.2 681027.5 757975.8 744080 676296.2 974628.6 0

757965.9 686237.4 740093.7 754746.5 678739.6 1486707.4 1552376.4 1481331.8 1254597.5 978625.3 728395.5 951520.3 841082.29
865135 821039.8 802769.5 830336.8 843397.3 773023.8 740943.2 750535 781304.8 914437 779985.5 759091.3 926942.54
338624.1 309332.2 339820.4 341805.8 353332.7 357684.1 329874.4 345079 371629.6 368859.6 308285.4 304986.2 366316.41
1557484.6 1685754.3 1721856.6 1788771 1772232.6 1904705.3 1669893.4 1845543 2185851.4 2291469 2040970.2 2914688.3 3108496.5

1116409.4 1199059.3 1074985.1 1183742.1 1281524.7 1280796.7 1430899.1 1387178.9 1714060.4 1423674.3 1274012.9 1379675.1 1609616.4
806867.9 830610.1 821874.3 824896 846091 785756.2 693829.2 793395.3 858109.1 906506 780103 735013.8 859906.47
570894.7 418562 447518.1 372317 546556.7 658964.3 536890.1 513226.8 446444 653252 406475 432030.8 486713.06
128843.8 109658.2 119078.4 138352.4 98203 117282.4 90824 83646.2 110951.4 110649.8 75319.8 88284.3 0
165378.6 163654.9 180361.4 181620.2 181418.5 182759.9 165272.2 196095.7 208347.8 194472.7 161746.1 162961.2 189876.9

337939.7 346640.5 373717.2 336624.4 293813.2 263554 233866.7 282863.8 351123 369006.5 281187.4 176916.4 271248.74
3682139.3 3558213.1 3830850.1 3772290.4 3799877.2 4755102.8 4553357.4 4628567.5 4698507.1 4314911.5 3676735.3 4694316.5 0
2355439.1 2498977 2533597.3 2618504.7 2668635.1 2808995.1 2444849.9 2689381.9 3095733.1 3157881.5 2771845.3 4079293.8 0
584257.9 612431.9 509372.8 587161.9 652411.8 630186.8 708389.6 707612.8 862478.8 763249 676834.9 713226.6 0

355272.6 313057.4 270216.4 337765.8 356506.1 319222.3 358547.3 313489.6 364690.5 400724.8 302217 368104.3 0
鞋靴
家具及其零件
玩具
箱包及类似容器
塑料制品
陶瓷产品
纺织纱线、织物及制品
服装及衣着附件
分类 具体
粮食
水产品
农产品 蔬菜及食用菌
成品油
稀土及其制品
肥料
钢材
未锻轧铝及铝材
橡胶轮胎
未锻轧铜及铜材
劳密产品
医疗仪器及器械
灯具照明装置及其零件
机电产品
家用电器
音视频设备及其零件
集成电路
集装箱
汽车零配件
船舶
锂离子蓄电池
手机
通用机械设备
平板电脑和笔记本电脑
汽车（包括底盘）
化工与原材料
高新技术产品
计算机与通信技术
电子技术
电动载人汽车
纯电动乘用车
资料来源：WIND、华联期货研究所 注：截至周报录入时间，当期数据还未全部更新，故有部分值为0


===== Page 39 =====

重点商品进口额
图：重点商品进口额（万美元）
2025-04 2025-05 2025-06 2025-07 2025-08 2025-09 2025-10 2025-11 2025-12 2026-01 2026-02 2026-03 2026-04 近两年同比值走势
370185.5 699084.9 605612.7 592656.3 607137.9 667956 513028.9 466782.5 484031.5 420058.2 353353 292675.2 520499.51
184740 179163.6 191385.1 205303 201313.8 229200.8 207431.8 153458.7 162911.4 271035.7 193383.5 203625 202847.1
153312 158763 156629.1 170419.8 162876.6 178966.8 190325.9 193458.5 222418.2 221702.3 181270.8 197478.8 0

365139.7 333188.3 308283.2 336102.8 303993.9 326593.5 299127.7 313028.1 356233.4 324560.5 248037.6 331400 294404.88
151052.1 145824.1 144738.1 161141.7 146348.1 145586.2 136055.8 138717.9 156371.6 135526.6 110912.6 152464.5 0
234001.2 242661.1 235060.6 222622 201198 216836.7 195129.5 234811.2 237566.1 240631.1 192306 243485.8 0
169888.6 141615.8 131143 134394.1 123593.6 148580.2 121348.2 119087.6 139080.6 135337.8 115313.2 167091.4 157789.3
88092.7 78996.7 79432.5 82932.8 80903.9 83558.6 85003.2 89999.1 99711.5 88761.3 70213.3 109311.9 109100.29

119292.4 112703.1 105301.9 110708.3 96104.8 107451.9 95950.7 105267.3 106703.2 101850.2 77474.4 111203.7 0
2528035 2314524.4 2420865.6 2386848.2 2492930.6 2382884.7 2421744.5 2451081.9 2664286.1 2211722.2 2220351.3 2705508.7 2862006.1
1011783.8 944457.7 984058.5 956369.1 975555.2 1127806.7 1119272.9 1121845 1210364.4 1135815 989482.4 1043050.8 1039565
768039.4 639007.1 639146.9 692726.5 750821.3 730413.2 695656.1 734207.6 819279.9 832258.5 798984.9 956038.7 893282.07

278830.5 258982.8 240374.4 236892.8 280718.4 312715.8 297935.4 320738 457302.5 353006.3 225688.9 294415.1 261634.16
420683.1 434769.6 468467.6 474239.4 532568.9 473747.3 415397.1 503072.3 588422.7 504371.3 339672.8 321065.6 359700.55
376925.9 363068.5 372666 386332.7 416271.3 422918.9 394832.9 379689.9 448636.1 396193.4 353660.7 433529.8 0
429513.9 420449.6 461565 485023.2 430537.2 493688.7 466240.9 469143.4 495733.5 473476.7 413858.8 550241.7 594281.12

175599.2 185200 168734.1 184801.8 182232.8 168264.4 163882.9 163522.3 200183.6 188774.8 134572.3 179389.2 0
868304.3 944126.6 739947.1 699979.4 646393.4 721977 667731 759809.3 970836.2 993244.3 1037999.1 1543305.3 1655298.4
310667.2 274349.2 380430.9 410419.7 320330.6 575708.4 385516.9 303382.5 526719.5 295742.3 169179.6 370950.2 0
301903.7 291237.7 298340.5 333953.4 305427.1 320049.4 287716.2 296786.1 319607.5 296602.7 246189.5 334417.5 0
2645376 2584468 2655558 2951769 3793310 4554134 4186417 3516218 3701183 3194569 2325333 3092919 0

147603.5 117511.5 112604.8 137720.3 193522.5 203428.7 215238.2 203530.6 182478.9 159957.8 122511.1 162712.2 0
3902942.1 3759852.3 3866562.7 4167520.6 4008492.7 4564419.7 4185229.6 4264594.7 4706822.9 4528320.6 4023903.5 5418180.8 0
3482291.7 3366939.1 3458413.4 3730250.7 3584827.4 4105154.1 3776844.2 3856629.2 4261200.5 4124145 3698190 4977673.8 5387094.7
200005.1 238886.9 224973.2 251141.9 211043.6 204165.8 199876 192351.2 146953.5 179054.1 147467.6 116986.4 131120.07

170290.1 199450.6 191761.6 198427.5 205351.2 180993.9 167643 188753.2 163051.7 185137.5 146609.4 151542.8 166711.81
351742.1 290688 325446.6 359520 324913 411771.2 328866.5 332935.9 417800.6 288433.3 230987.9 356365.1 0
115805.9 97033.7 118975.5 123728.4 110064.6 109826.2 93567.3 94984.8 113676 74677.2 82199.8 117905.4 102515.12
3880530.3 3746195.2 3857121.1 4161776.6 3992482.8 4541080.6 4163204.4 4232748.9 4698430.7 4497508.9 4013978.5 5410443.5 0

248365.9 196499.6 371797.1 340490.7 317602.3 422558.5 285519.7 303266.6 395960.8 311398.7 189026.7 260074.9 0
34623.9 39464.7 26549.1 36915.9 41909.8 36425.4 49771.5 45362 25334.2 28347.9 17758.9 20886.8 0
2187.2 3467.4 2287.8 755.9 803.9 1336.6 891.1 1826.2 1387.2 436.4 118.5 5137.3 0
汽车零配件
计量检测分析自控仪器及器具
医疗仪器及器械
高新技术产品
电子技术
电动载人汽车
纯电动乘用车
航空航天技术
机电产品
通用机械设备
自动数据处理设备及其零部件
半导体制造设备
电工器材
平板显示模组
音视频设备及其零件
电子元件
集成电路
汽车（包括底盘）
化工与原材料
原油
铁矿砂及其精矿
铜矿砂及其精矿
天然气

基本有机化学品
未锻轧铜及铜材
煤及褐煤
消费产品
初级形状的塑料
纸浆、纸及其制品
美容化妆品及洗护用品
纺织纱线、织物及制品
木及其制品
塑料制品
分类 具体
农产品
粮食
肉类（包括杂碎）
水产品
资料来源：WIND、华联期货研究所 注：截至周报录入时间，当期数据还未全部更新，故有部分值为0


===== Page 40 =====

大宗商品出口量
图：大宗商品出口量（万吨/万件/万个/万辆）
资料来源：WIND、华联期货研究所
注：截至周报录入时间，当期数据还未全部更新，故有部分值为0
能源
（万吨） 501.0 441.0 534.0 534.0 533.0 514.0 452.0 512.0 537.0 431.0 382.0 460.0 311.9
1046.0 1058.0 968.0 984.0 951.0 1047.0 978.0 998.0 1130.0 775.0 784.0 913.0 949.8
52.0 55.0 49.0 54.0 53.0 52.0 50.0 57.0 54.0 54.0 43.0 49.0 59.8
79.0 86.0 82.0 91.0 87.0 79.0 75.0 80.0 82.0 81.0 73.0 80.0 0.0
0.0 0.0 7.0 57.0 80.0 137.0 120.0 60.0 28.0 31.0 11.0 6.0 0.0
36086.0 39413.0 40530.0 41091.0 43584.0 39704.0 40498.0 44689.0 42711.0 45826.0 35323.0 48399.0 0.0

38463.0 38589.0 37095.0 37610.0 40380.0 36656.0 35191.0 37126.0 37011.0 44387.0 35898.0 37123.0 40773.9
62.0 69.0 62.0 69.0 76.0 76.0 83.0 82.0 99.0 80.0 74.0 78.0 93.9
198483.0 188497.0 174116.0 206409.0 213809.0 190693.0 207775.0 199836.0 235229.0 213101.0 196073.0 206777.0 0.0
尿素
锂离子蓄电池
家用电器
汽车包括底盘
纯电动乘用车
工业原料
（万吨）
产成品
（万个/
万件/
万辆）
2026年3月 2026年4月 近两年同比值走势
成品油
钢材
未锻轧铝及铝材
橡胶轮胎
2025年9月 2025年10月 2025年11月 2025年12月 2026年1月 2026年2月主要大宗商品出口量 2025年4月 2025年5月 2025年6月 2025年7月 2025年8月


===== Page 41 =====

大宗商品进口量
图：大宗商品进口量（万吨）
资料来源：WIND、华联期货研究所
注：截至周报录入时间，当期数据还未全部更新，故有部分值为0
4806 4660 4989 4720 4949 4725 4836 5089 5597 4889 4805 4998 3847
357 311 338 403 334 395 351 424 399 426 478 364 181
3783 3604 3304 3561 4274 4600 4174 4405 5860 4628 3094 3906 3308
967 1011 1055 1063 1185 1105 978 1195 1345 1148 854 818 842
10314 9813 10595 10462 10522 11633 11131 11054 11965 11239 9764 10474 10385
292 240 235 256 276 259 245 253 270 262 231 263 235
69 61 60 63 66 74 67 79 95 80 60 79 62

608 1392 1226 1167 1228 1287 948 811 804 657 598 402 848
51 51 53 53 50 54 49 39 42 62 46 50 51
16 18 35 18 34 15 22 33 28 26 26 27 0
2026年4月
工业原料
铁矿砂及其精矿
未锻轧铜及铜材
天然及合成橡胶
2026年2月 2026年3月
农产品
大豆
肉类
棕榈油
2026年1月 近两年同比值走势
能源
原油
成品油
煤及褐煤
天然气
2025年7月 2025年8月 2025年9月 2025年10月 2025年11月 2025年12月2025年4月 2025年5月 2025年6月主要大宗商品进口量


===== Page 42 =====

外商投资和对外投资
图：实际利用外商直接投资金额（亿元） 图：非金融类机构对外直接投资（亿美元）
资料来源：WIND、华联期货研究所 资料来源：WIND、华联期货研究所
200
400
600
800
1000
1200
1400
1600
1月 2月 3月 4月 5月 6月 7月 8月 9月 10月 11月 12月
2018 2019 2020 2021 2022
2023 2024 2025 2026
45
65
85
105
125
145
165
1月 2月 3月 4月 5月 6月 7月 8月 9月 10月 11月 12月
2018 2019 2020 2021 2022
2023 2024 2025 2026


===== Page 43 =====

固定资产投资


===== Page 44 =====

固定资产投资额
图：三大产业固定资产累计投资额同比 图：建筑安装工程和设备工器具购置累计投资额同比
资料来源：WIND、华联期货研究所 资料来源：WIND、华联期货研究所
2026年1—3月份，全国固定资产投资 （不含农户）102708亿元，同比增长1.7%。其中，民间固定资产投资同比下降 2.2%。从环比看，3月份固定资产投资 （不含农户）增长
0.52%。分产业看，第一产业投资2334亿元，同比增长15.9%；第二产业投资36765亿元，增长5.8%；第三产业投资63608亿元，下降1.0%。
工业投资同比增长5.8%。其中，采矿业投资增长15.0%，制造业投资增长4.1%，电力、热力、燃气及水生产和供应业投资增长9.0%。基础设施投资同比增长8.9%。其中，航空
运输业投资增长43.3%，水上运输业投资增长34.1%，电力、热力生产和供应业投资增长9.2%，生态保护和环境治理业投资增长9.0%。
-20
-10
0
10
20
30
40
第一产业 第二产业 第三产业
-20
-10

0
10
20
30
40
建筑安装工程 设备工器具购置


===== Page 45 =====

图：三大工业门类固定资产投资额累计同比
资料来源：WIND、华联期货研究所
固定资产投资额
-20
-10
0
10
20
30
40
2021-03
2021-05
2021-07
2021-09
2021-11
2022-01
2022-03
2022-05
2022-07
2022-09
2022-11
2023-01
2023-03
2023-05
2023-07
2023-09
2023-11
2024-01
2024-03
2024-05
2024-07
2024-09
2024-11
2025-01
2025-03
2025-05
2025-07
2025-09
2025-11
2026-01
2026-03
固定资产完成额 农林牧渔业 采矿业 制造业


===== Page 46 =====

固定资产投资
图：固定资产投资累计同比
资料来源：WIND、华联期货研究所
1至2月 3月 4月 5月 6月 7月 8月 9月 10月 11月 12月 1至2月 3月 近三年累计同比走势
4.1 4.2 4.0 3.7 2.8 1.6 0.5 -0.5 -1.7 -2.6 -3.8 1.8 1.7
农林牧渔业 14.0 15.8 13.4 9.1 6.7 6.0 5.3 3.6 1.2 0.3 -0.8 16.6 15.2
采矿业 4.7 5.6 6.3 5.8 3.4 3.0 3.0 3.7 3.8 4.0 2.5 13.0 15.0
制造业 9.0 9.1 8.8 8.5 7.5 6.2 5.1 4.0 2.7 1.9 0.6 3.1 4.1
农副产品加工业 17.4 18.6 18.4 17.7 18.4 17.8 16.9 14.3 10.7 9.6 9.2 11.2 5.5
食品制造业 21.0 18.0 16.6 16.1 16.0 15.4 13.9 10.8 5.9 2.3 2.2 4.7 0.7

纺织业 13.6 13.5 14.7 15.1 14.5 14.1 12.6 11.2 8.3 5.8 4.3 18.8 17.6
化学原料和化学制品制造业 6.0 2.1 1.3 0.4 -1.1 -4.7 -5.2 -5.6 -7.9 -8.2 -8.0 -5.4 0.4
医药制造业 3.5 4.4 2.6 0.9 -3.0 -6.6 -8.5 -9.9 -11.3 -13.1 -13.5 -2.8 -7.7
有色金属冶炼和压延加工业 16.1 17.9 16.4 14.3 9.1 4.9 2.2 0.4 -1.5 -2.2 -4.2 -9.2 3.7
金属制品业 10.8 12.2 11.5 11.0 11.1 9.5 8.4 5.9 3.7 2.1 -1.9 7.4 5.5
通用设备制造业 21.6 17.2 17.9 17.5 16.6 14.8 13.7 11.8 9.5 8.9 6.2 7.0 12.5
专用设备制造业 9.0 8.1 8.4 7.9 6.2 4.6 1.6 -0.7 -2.0 -4.0 -7.1 -0.5 -0.4

汽车制造业 27.0 24.5 23.6 23.4 22.2 21.7 20.2 19.2 17.5 15.3 11.7 2.6 4.8
运输设备制造业 37.3 37.9 29.6 26.1 27.3 29.3 26.2 22.3 20.1 22.4 17.5 31.1 27.7
电气机械和器材制造业 -8.6 -7.4 -7.5 -8.6 -7.8 -8.7 -8.8 -9.5 -9.4 -9.5 -10.3 5.8 0.8
计算机、通讯和其他电子设备制造业 9.6 10.5 9.0 7.0 4.6 2.2 -0.1 -2.1 -2.2 -3.2 -3.2 1.2 5.4
基础设施建设 10.0 11.5 10.9 10.4 8.9 7.3 5.4 3.3 1.5 0.1 -1.5 11.4 8.9
电力、热力、燃气及水生产和供应业 25.4 26.0 25.5 25.4 22.8 21.5 18.8 15.3 12.5 10.7 9.1 13.1 9.0
基础设施建设（不含电力） 5.6 5.8 5.8 5.6 4.6 3.2 2.0 1.1 -0.1 -1.1 -2.2 0.0 0.0

交通运输、仓储和邮政业 2.7 3.8 3.9 4.0 5.6 3.9 2.7 1.6 0.1 -0.1 -1.2 9.1 16.3
铁路运输业 0.2 0.5 1.6 2.3 4.2 5.9 4.5 4.2 3.0 2.7 -1.2 0.0 0.0
道路运输业 -3.2 -0.2 -0.9 -0.4 0.6 -2.0 -3.3 -2.7 -4.3 -4.7 -6.0 -0.6 2.9
固定资产投资累计同比（不含农户）


===== Page 47 =====

房地产开发施工
图：房地产开发投资累计同比走势 图：房屋施工面积累计同比走势
资料来源：WIND、华联期货研究所 资料来源：WIND、华联期货研究所
2026年1—3月份，全国房地产开发投资17720亿元，同比下降11.2%降幅比1—2月份扩大0.1个百分点；其中住宅投资13531亿元，下降11.0%，降幅扩大0.3个百分点。
2026年1—3月份，房地产开发企业房屋施工面积541737万平方米，同比下降11.7%，降幅与上月持平；其中，住宅施工面积375465万平方米，下降12.1%，降幅扩大0.2个百分
点。
-25
-20
-15
-10
-5
0
5
10
15
20
房地产开发投资总额 住宅 办公楼 商业营业用房
-15
-10
-5
0
5
10
15
房地产施工总面积 住宅 办公楼 商业营业用房


===== Page 48 =====

房地产开工竣工
图：房屋新开工面积累计同比走势 图：房屋竣工面积累计同比走势
资料来源：WIND、华联期货研究所 资料来源：WIND、华联期货研究所
2026年1—3月份，房屋新开工面积10373万平方米，下降20.3%，降幅缩窄2.8个百分点；其中，住宅新开工面积7420万平方米，下降22.0%，降幅缩窄1.3个百分点。
2026年1—3月份，房屋竣工面积9789万平方米，下降25.0%，降幅缩窄2.9个百分点；其中，住宅竣工面积6983万平方米，下降26.5%，降幅缩窄0.4个百分点。
-60
-40
-20
0
20
40
60
房屋新开工总面积 住宅 办公楼 商业营业用房
-60
-50
-40
-30
-20
-10
0
10
20
30
40
房屋竣工总面积 住宅 办公楼 商业营业用房


===== Page 49 =====

房地产销售
图：商品房销售面积累计同比走势 图：商品房销售额累计同比走势
资料来源：WIND、华联期货研究所 资料来源：WIND、华联期货研究所
2026年1—3月份，新建商品房销售面积19525万平方米，同比下降10.4%，降幅比1—2月份收窄3.1个百分点；其中住宅销售面积下降13.1%。新建商品房销售额17262亿元，下
降16.7%，降幅收窄3.5个百分点；其中住宅销售额下降18.5%。
3月末，商品房待售面积78601万平方米，同比下降0.1%。其中，待售3年以下面积59012万平方米，下降1.8%。
-40
-20
0
20
40
60
80
100
商品房销售总面积 住宅 办公楼 商业营业用房
-60
-40
-20
0
20
40
60
80
100
商品房销售总额 住宅 办公楼 商业营业用房


===== Page 50 =====

成交土地建筑面积
图：成交土地规划建筑面积（万平方米） 图：成交土地规划建筑面积——住宅类用地（万平方米）
资料来源：WIND、华联期货研究所 资料来源：WIND、华联期货研究所
0.00
2,000.00
4,000.00
6,000.00
8,000.00
10,000.00
12,000.00
14,000.00
16,000.00
18,000.00
20,000.00
第1周
第3周
第5周
第7周
第9周
第11周
第13周
第15周
第17周
第19周
第21周
第23周
第25周
第27周
第29周
第31周
第33周
第35周
第37周
第39周
第41周
第43周
第45周
第47周
第49周
第51周
2019 2023 2024 2025 2026
0.00
1,000.00
2,000.00
3,000.00
4,000.00
5,000.00
6,000.00
7,000.00
8,000.00
9,000.00
10,000.00
2020 2021 2022 2023 2024 2025 2026


===== Page 51 =====

成交土地溢价率
图：成交土地溢价率 图：成交土地溢价率_住宅类用地
资料来源：WIND、华联期货研究所 资料来源：WIND、华联期货研究所
0.00
5.00
10.00
15.00
20.00
25.00
30.00
第1周
第3周
第5周
第7周
第9周
第11周
第13周
第15周
第17周
第19周
第21周
第23周
第25周
第27周
第29周
第31周
第33周
第35周
第37周
第39周
第41周
第43周
第45周
第47周
第49周
第51周
2020 2021 2022 2023 2024 2025 2026
0.00
5.00
10.00
15.00
20.00
25.00
30.00
2020 2021 2022 2023 2024 2025 2026


===== Page 52 =====

二手房成交面积
图：中国大中城市二手房成交面积 图：中国大中城市二手住宅成交面积
资料来源：WIND、华联期货研究所
受数据所限，上述统计包括北京、深圳、杭州、成都等八所城市周度均值加总
资料来源：WIND、华联期货研究所
受数据所限，上述统计包括北京、深圳、扬州、南京等八所城市周度均值加总
0
50000
100000
150000
200000
250000
300000
350000
400000
第1周
第3周
第5周
第7周
第9周
第11周
第13周
第15周
第17周
第19周
第21周
第23周
第25周
第27周
第29周
第31周
第33周
第35周
第37周
第39周
第41周
第43周
第45周
第47周
第49周
第51周
2020 2021 2022 2023 2024 2025 2026
0
50000
100000
150000
200000
250000
300000
350000
第1周
第3周
第5周
第7周
第9周
第11周
第13周
第15周
第17周

第19周
第21周
第23周
第25周
第27周
第29周
第31周
第33周
第35周
第37周
第39周
第41周
第43周
第45周
第47周
第49周
第51周
2020 2021 2022 2023 2024 2025 2026


===== Page 53 =====

商品房成交面积
图：中国30大中城市商品房成交面积 图：房地产固定资产投资完成额累计同比
资料来源：WIND、华联期货研究所 资料来源：WIND、华联期货研究所
0
100
200
300
400
500
600
第1周
第3周
第5周
第7周
第9周
第11周
第13周
第15周
第17周
第19周
第21周
第23周
第25周
第27周
第29周
第31周
第33周
第35周
第37周
第39周
第41周
第43周
第45周
第47周
第49周
第51周
2020 2021 2022 2023 2024 2025 2026
-20.00
-18.00
-16.00
-14.00
-12.00
-10.00
-8.00
-6.00
-4.00
2022-09
2022-11
2023-01
2023-03
2023-05
2023-07
2023-09
2023-11
2024-01
2024-03
2024-05
2024-07
2024-09
2024-11
2025-01
2025-03

2025-05
2025-07
2025-09
2025-11
2026-01
2026-03


===== Page 54 =====

国内贸易


===== Page 55 =====

社会消费品零售
图：服务零售额 图：餐饮收入季节图
资料来源：WIND、华联期货研究所 资料来源：WIND、华联期货研究所
-20.00
-15.00
-10.00
-5.00
0.00
5.00
10.00
15.00
20.00
25.00
30.00
2021-04
2021-07
2021-10
2022-01
2022-04
2022-07
2022-10
2023-01
2023-04
2023-07
2023-10
2024-01
2024-04
2024-07
2024-10
2025-01
2025-04
2025-07
2025-10
2026-01
中国:服务零售额:累计同比 中国:社会消费品零售总额:累计同比
-20.00
-15.00
-10.00
-5.00
0.00
5.00
10.00
15.00
20.00
25.00
30.00
2021-04
2021-07
2021-10
2022-01
2022-04
2022-07
2022-10
2023-01

2023-04
2023-07
2023-10
2024-01
2024-04
2024-07
2024-10
2025-01
2025-04
2025-07
2025-10
2026-01
中国:社会消费品零售总额:餐饮收入:累计同比
中国:社会消费品零售总额:商品零售:累计同比


===== Page 56 =====

社会消费品零售
图：商品零售季节图 图：餐饮收入季节图
资料来源：WIND、华联期货研究所 资料来源：WIND、华联期货研究所
22000
24000
26000
28000
30000
32000
34000
36000
38000
40000
42000
2018 2019 2020 2021 2022
2023 2024 2025 2026
2000
2500
3000
3500
4000
4500
5000
5500
6000
6500
2018 2019 2020 2021 2022
2023 2024 2025 2026
3月份，社会消费品零售总额 41616亿元，同比增长1.7%。其中，除汽车以外的消费品零售额 37875亿元，增长3.2%。1—3月份，社会消费品零售总额 127695亿元，同比增长
2.4%。其中，除汽车以外的消费品零售额117727亿元，增长3.6%。
按消费类型分，3月份，商品零售额37257亿元，同比增长1.5%；餐饮收入4359亿元，增长2.9%。1—3月份，商品零售额113072亿元，同比增长2.2%；餐饮收入14623亿元，增

长4.2%。


===== Page 57 =====

社会消费品零售
图：限额以上批发和零售业零售额同比变化
资料来源：WIND、华联期货研究所
3月 4月 5月 6月 7月 8月 9月 10月 11月 12月 1~2月 3月 两年同比走势
5.9 5.1 6.4 4.8 3.7 3.4 3 2.9 1.3 0.9 2.8 1.7
粮油、食品类 13.8 14 14.6 8.7 8.6 5.8 6.3 9.1 6.1 3.9 10.2 9.5
饮料类 4.4 2.9 0.1 -4.4 2.7 2.8 -0.8 7.1 2.9 1.7 6 8.2
烟酒类 8.5 4 11.2 -0.7 2.7 -2.3 1.6 4.1 -3.4 -2.9 19.1 7.7
服装鞋帽针织品类 3.6 2.2 4 1.9 1.8 3.1 4.7 6.3 3.5 0.6 10.4 7
化妆品类 1.1 7.2 4.4 -2.3 4.5 5.1 8.6 9.6 6.1 8.8 4.5 8.3
金银珠宝类 10.6 25.3 21.8 6.1 8.2 16.8 9.7 37.6 8.5 5.9 13 11.7

日用品类 8.8 7.6 8 7.8 8.2 7.7 6.8 7.4 -0.8 3.7 6.6 4.6
体育、娱乐用品类 26.2 23.3 28.3 9.5 13.7 16.9 11.9 10.1 0.4 9 4.1 -2
家用电器和音像器材类 35.1 38.8 53 32.4 28.7 14.3 3.3 -14.6 -19.4 -18.7 3.3 -5
中西药品类 1.4 2.6 0.3 -0.7 0.1 0.9 1.9 3.6 4.9 1.2 0.7 5.7
文化办公用品类 21.5 33.5 30.5 24.4 13.8 14.2 6.2 13.5 11.7 9.2 5.8 15
家具类 29.5 26.9 25.6 28.7 20.6 18.6 16.2 9.6 -3.8 -2.2 8.8 -8.7
通讯器材类 28.6 19.9 33 13.9 14.9 7.3 16.2 23.2 20.6 20.9 17.8 27.3
石油及制品类 -1.9 -5.7 -7 -7.3 -8.3 -8 -7.1 -5.9 -8 -11 -9.7 0.1

汽车类 5.5 0.7 1.1 4.6 -1.5 0.8 1.6 -6.6 -8.3 -5 -7.3 -11.8
建筑及装潢材料类 -0.1 9.7 5.8 1 -0.5 -0.7 -0.1 -8.3 -17 -11.8 -2.2 -9
零售额同比


===== Page 58 =====

交通运输


===== Page 59 =====

图：四种货物运输方式同比运输量 图：货物运输量
资料来源：WIND、华联期货研究所 资料来源：WIND、华联期货研究所
货物运输量
-40
-30
-20
-10
0
10
20
30
40
50
60
铁路 公路 水运 民航
0
10
20
30
40
50
60
铁路 公路 水运 民航


===== Page 60 =====

图：四种旅客运输方式同比运输量 图：旅客运输量
资料来源：WIND、华联期货研究所 资料来源：WIND、华联期货研究所
旅客运输量
-100
-50
0
50
100
150
铁路 公路 民航 水运
0
2
4
6
8
10
12
14
16
18
铁路 公路 民航 水运


===== Page 61 =====

图：九大城市地铁客流量（日均超250万人） 图：交通固定资产投资（万元）
资料来源：WIND、华联期货研究所 资料来源：交通部、华联期货研究所
旅客运输量
30000
35000
40000
45000
50000
55000
60000
65000
第1周
第2周
第3周
第4周
第5周
第6周
第7周
第8周
第9周
第10周
第11周
第12周
第13周
第14周
第15周
第16周
第17周
第18周
第19周
第20周
第21周
第22周
第23周
第24周
第25周
第26周
第27周
第28周
第29周
第30周
第31周
第32周
第33周
第34周
第35周
第36周
第37周
第38周
第39周
第40周
第41周
第42周
第43周
第44周
第45周
第46周
第47周
第48周
2018 2019 2023 2024 2025
0
5000000
10000000
15000000
20000000
25000000
30000000
35000000
40000000

1月 2月 3月 4月 5月 6月 7月 8月 9月 10月 11月
2018 2019 2020 2021 2022
2023 2024 2025 2026


===== Page 62 =====

图：CCFI各航线运价指数（月度均值） 图：SCFIS（周度数据）
资料来源：公开资料整理、华联期货研究所 资料来源：公开资料整理、华联期货研究所
航运指数
0
1000
2000
3000
4000
5000
6000
7000
欧洲 地中海 美西 美东 波红 澳新 南美 东南亚
700
1200
1700
2200
2700
3200
3700
2024-07-27 2024-08-26 2024-09-25 2024-10-25 2024-11-24 2024-12-24 2025-01-23 2025-02-22 2025-03-24 2025-04-23 2025-05-23 2025-06-22 2025-07-22 2025-08-21 2025-09-20 2025-10-20 2025-11-19 2025-12-19 2026-01-18 2026-02-17 2026-03-19 2026-04-18
SCFIS 欧线（每周一） SCFI 欧线（每周五）


===== Page 63 =====

银行与货币


===== Page 64 =====

新增社会融资规模
图：新增社会融资规模
资料来源：WIND、华联期货研究所
58961 11599 22900 42251 11307 25660 35299 8178 24926 22075 72185 23837 52271 6245
38234 884 5923 23600 -4296 6253 16081 -154 4096 9804 49016 8458 31522 -4006
-295 -130 134 325 -87 -91 -129 -200 -222 -675 468 -36 420 184
-165 -2 -166 -400 -177 -165 283 1654 -187 308 -192 -181 -284 -283
238 -77 173 816 149 350 62 155 843 679 -4 310 -173 -129
3632 -2794 -1164 -1900 -1638 1973 3234 -2895 1488 -1492 6293 -1755 1258 -5284

-905 2340 1496 2422 2748 1338 136 2500 4145 1541 5033 1522 3910 4520
412 391 152 203 505 456 499 695 341 559 291 454 428 835
14866 9729 14585 13508 12482 13672 11893 4852 12077 6833 9764 14014 11658 9041
近两年同比多增/少减
新增社会融资规模
人民币贷款
2025年8月 2025年9月 2025年10月 2025年11月 2025年12月 2026年1月2025年4月 2025年5月 2025年6月 2025年7月2025年3月
政府债券
2026年4月
外币贷款
（折合人民币）
委托贷款
信托贷款
未贴现银行承兑汇票
企业债券
非金融企业境内股票
2026年2月 2026年3月


===== Page 65 =====

存量社会融资规模
图：社会融资规模存量同比
资料来源：WIND、华联期货研究所
8.4 8.7 8.7 8.9 9 8.8 8.7 8.5 8.5 8.3 8.2 8.2 7.9 7.8
7.2 7.1 7 7 6.8 6.6 6.4 6.3 6.3 6.3 6.1 6.1 5.8 5.6
-34.5 -33.9 -31.5 -26.6 -23.2 -21 -18 -16.9 -16.5 -18 -12.1 -11 -5.3 -3.8
0.6 0.5 0.4 0 -0.4 -0.6 -0.7 1 1 1.3 0.2 0.3 0.2 -0.1
6.2 5.6 5.4 5.5 5.9 5.5 5.7 5.6 7.4 8.6 7 8.5 7.5 7.4
-12.1 -7.6 -7.4 -7.4 -10.4 -4.1 4.4 -2.2 0.4 -0.3 6.7 12.9 2.3 -7.9
2.4 3.2 3.4 3.5 3.8 3.7 4.5 4.9 5.6 6 6.1 6.2 7.9 8.3
2.7 2.9 2.9 2.9 3.2 3.4 3.8 4.1 4 4.1 3.9 4.2 4.2 4.6

19.4 20.9 20.9 21.3 21.9 21.1 20.2 19.2 18.8 17.1 17.3 16.6 15.9 15.6
未贴现银行承兑汇票
企业债券
非金融企业境内股票
政府债券
人民币贷款存量
外币贷款（折合人民币）
委托贷款
信托贷款
社会融资规模存量同比
2025年10月2025年4月 2025年5月 2025年6月2025年3月 2026年4月2025年7月 近三年存量同比走势2025年8月 2025年9月 2025年11月 2025年12月 2026年1月 2026年3月2026年2月


===== Page 66 =====

新增社会融资规模
图：社融分项同比新增/少减
资料来源：WIND、华联期货研究所
-15000
-10000
-5000
0
5000
10000
15000
20000
2024-04 2024-06 2024-08 2024-10 2024-12 2025-02 2025-04 2025-06 2025-08 2025-10 2025-12 2026-02 2026-04
委托贷款 信托贷款 未贴现汇票 企业债 政府债 本外币贷款 境内股票


===== Page 67 =====

图：新增社融总量 图：新增社会融资月度分项
资料来源：WIND、华联期货研究所 资料来源：WIND、华联期货研究所
新增社会融资规模
-10,000
0
10,000
20,000
30,000
40,000
50,000
60,000
70,000
80,000
1月 2月 3月 4月 5月 6月 7月 8月 9月 10月 11月 12月
2019年 2020年 2021年 2022年 2023年 2024年 2025年 2026年
-2
-615
-2557
3652
1166
3912
83
119
-1345
2940
993
4548
89
142
-4490
1707
186
-937
-2
-77
-2794
2340
391
9729
-283
-129
-5284
4520
835
9041
委托贷款 信托贷款 未贴现汇票 企业债券 非 金 融 境 内股 票 政府债券
2022-04 2023-04 2024-04 2025-04 2026-04


===== Page 68 =====

新增人民币贷款
图：新增人民币贷款
资料来源：WIND、华联期货研究所
36400 2800 6200 22400 -500 5900 12900 2200 3900 9100 47100 9000 29900 -100
短期及票据 17255 -478 1638 10112 -616 1336 4495 240 2184 6177 12858 957 14845 3367
中长期 20847 1269 4046 13453 -3700 4900 11600 -400 1800 3400 35269 7085 16453 -7508
9853 -5216 540 5976 -4893 303 3890 -3604 -2063 -916 4565 -6507 4909 -7869
短期 4841 -4019 -208 2621 -3827 105 1421 -2866 -2158 -1023 1097 -4693 1956 -4462
中长期 5047 -1231 746 3353 -1100 200 2500 -700 100 100 3469 -1815 2953 -3408

28400 6100 5300 17700 600 5900 12200 3500 6100 10700 44500 14900 26600 3900
短期 14400 -4800 1100 11600 -5500 700 7100 -1900 1000 3700 20500 6000 14800 -4600
中长期 15800 2500 3300 10100 -2600 4700 9100 300 1700 3300 31800 8900 13500 -4100
票据 -1986 8341 746 -4109 8711 531 -4026 5006 3342 3500 -8739 -350 -1911 12429
-1702 1634 589 -1026 2026 -1130 -2348 936 -147 -771 -1882 -105 -1693 1745非银金融机构新增贷款
新增住户贷款
新增企事业单位贷款
2026年1月 2026年2月 2026年4月 21年9月起同比多增/少减

新增人民币贷款
2025年7月 2025年8月 2025年9月 2025年10月 2025年11月 2025年12月2025年4月 2025年5月 2025年6月 2026年3月2025年3月


===== Page 69 =====

新增人民币贷款
图：信贷分项同比新增/少减
资料来源：WIND、华联期货研究所
-15000
-10000
-5000
0
5000
10000
15000
2024-04 2024-08 2024-12 2025-04 2025-08 2025-12 2026-04
住户贷款同比多增 企事业单位贷款同比多增 非银金融机构同比多增


===== Page 70 =====

货币流动性
4月末，广义货币（M2）余额353.04万亿元，同比增长8.6%，货币总量平稳扩容 ，社会整体资金供给 充足。狭义货币（M1）余额114.58万亿元,同比增长5%，反映企业经营
活钱活跃度温和修复，实体经济交易活力稳步回升。流通中现金M0余额14.75 万亿元，同比大幅增长 12.2%，增速显著走高；1-4月市场累计净投放现金6530亿元，线下消
费、民生流通领域现金需求明显回暖。前四个月净投放现金6530亿元。M2-M1增速剪刀差由上月3.4个百分点走阔至3.6个百分点，反映资金活化程度边际走弱、企业资金流
动性改善节奏放缓，实体内生需求修复仍显乏力。
图：流动性供需 图：M2-M1剪刀差
资料来源：WIND、华联期货研究所 资料来源：WIND、华联期货研究所
-4
-2
0
2
4
6
8
0
2
4
6
8
10
12
14
16
18
社融-M2（右轴） 社融存量同比 M2同比
-12
-8
-4
0
4
8
12
16
20
24
-12
-8
-4
0
4
8
12

16
20
24
M2-M1 M2同比 M1同比


===== Page 71 =====

利率汇率


===== Page 72 =====

图：货币投放 图：资金利率
资料来源：WIND、华联期货研究所 资料来源：WIND、华联期货研究所
货币市场流动性
-30000
-20000
-10000
0
10000
20000
30000
货币投放 货币回笼 货币净投放
1.3
1.35
1.4
1.45
1.5
1.55
1.6
1.65
02-27 03-06 03-13 03-20 03-27 04-03 04-10 04-17 04-24 05-01 05-08 05-15
7天逆回购利率 DR007 R007 SHIBOR:1 周


===== Page 73 =====

中期借贷便利
图：MLF净回笼资金
资料来源：WIND、华联期货研究所
-15000
-10000
-5000
0
5000
10000
15000
MLF投放 MLF到期 MLF净投放


===== Page 74 =====

图：R007与DR007利差 图：近期3个月同业存单收益率
资料来源：WIND、华联期货研究所 资料来源：WIND、华联期货研究所
货币市场流动性
央行强调，合理把握利率水平，推动实体经济融资成本稳中有降。继续以我为主实施好利率调控，按照经济规律和逆周期调控需要，引导和把握宏观利率水平，保持利率水
平与实现潜在经济增速的要求相匹配。
-3.00%
-2.00%
-1.00%
0.00%
1.00%
2.00%
3.00%
4.00%
5.00%
24-03-27
24-04-27
24-05-27
24-06-27
24-07-27
24-08-27
24-09-27
24-10-27
24-11-27
24-12-27
25-01-27
25-02-27
25-03-27
25-04-27
25-05-27
25-06-27
25-07-27
25-08-27
25-09-27
25-10-27
25-11-27
25-12-27
26-01-27
26-02-27
26-03-27
26-04-27

DR007 R007 利差
1.5
1.7
1.9
2.1
2.3
2.5
2.7
2.9
23-11-17
23-12-17
24-01-17
24-02-17
24-03-17
24-04-17
24-05-17
24-06-17
24-07-17
24-08-17
24-09-17
24-10-17
24-11-17
24-12-17
25-01-17
25-02-17
25-03-17
25-04-17
25-05-17
25-06-17
25-07-17
25-08-17
25-09-17
25-10-17
25-11-17
25-12-17
AAA级存单 AAA-级存单 AA+级存单 AA级存单


===== Page 75 =====

图：利率债发行情况 图：地方专项债发行额度
资料来源：中国债券信息网、华联期货研究所 资料来源：WIND、华联期货研究所
债券市场流动性
0
5000
10000
15000
20000
25000
30000
35000
2024-01
2024-02
2024-03
2024-04
2024-05
2024-06
2024-07
2024-08
2024-09
2024-10
2024-11
2024-12
2025-01
2025-02
2025-03
2025-04
2025-05
2025-06
2025-07
2025-08
2025-09
2025-10
2025-11
2025-12
2026-01
2026-02
国债 地方政府债 政策性银行债 企业债券 信贷资产支持证券 其他债券
0
10000
20000
30000
40000
50000
60000
1月 2月 3月 4月 5月 6月 7月 8月 9月 10月 11月 12月
2019 2020 2021 2022 2023 2024 2025 2026


===== Page 76 =====

债券市场流动性
图：长短期国债收益率
资料来源：WIND、华联期货研究所
0
0.1
0.2
0.3
0.4
0.5
0.6
0.7
0.8
0.9
0.0000
0.5000
1.0000
1.5000
2.0000
2.5000
24-06 24-07 24-08 24-09 24-10 24-11 24-12 25-01 25-02 25-03 25-04 25-05 25-06 25-07 25-08 25-09 25-10 25-11 25-12 26-01 26-02 26-03 26-04
期限利差（右轴） 10年 1年


===== Page 77 =====

图：人民币兑美元汇率和美元指数 图：外汇和黄金储备余额连月上升
资料来源：中国人民银行、WIND、华联期货研究所 资料来源：国家外汇管理局、华联期货研究所
汇率
国家外汇管理局统计数据显示 ，截至2026年4月末，我国外汇储备规模为34105亿美元，较3月末上升684亿美元，升幅为2.05%。截至4月末，我国黄金储备达7464万盎司，环
比增加26万盎司。这是自2022年11月以来连续第 18个月增持黄金 。此前，3月末储备为 7438万盎司，环比增加16万盎司；2月末储备为 7422万盎司。国家外汇管理局表示 ，
2026年4月，受宏观经济数据、主要经济体货币政策及预期等因素影响，美元指数下跌，全球主要金融资产价格表现有所分化。汇率折算和资产价格变化等因素综合作用，当
月外汇储备规模上升。我国不断巩固拓展经济稳中向好态势，发展韧性和活力进一步彰显，有利于外汇储备规模保持基本稳定。
92.0000
93.0000
94.0000
95.0000
96.0000
97.0000
98.0000

99.0000
100.0000
101.0000
102.0000
103.0000
6.8000
6.8500
6.9000
6.9500
7.0000
7.0500
7.1000
7.1500
7.2000
7.2500
2025-04-21 2025-07-21 2025-10-21 2026-01-21 2026-04-21
中间价:美元兑人民币 美元指数（次轴）
1,500.00
1,600.00
1,700.00
1,800.00
1,900.00
2,000.00
2,100.00
2,200.00
2,300.00
2,400.00
29,000.00
30,000.00
31,000.00
32,000.00
33,000.00
34,000.00
35,000.00
2017-09
2018-03
2018-09
2019-03
2019-09
2020-03
2020-09
2021-03
2021-09
2022-03
2022-09
2023-03
2023-09

2024-03
2024-09
2025-03
2025-09
2026-03
外汇储备 黄金储备（右轴）


===== Page 78 =====

图：离岸人民币即期和远期汇率 图：中美利差走势
资料来源：WIND、华联期货研究所 资料来源：中证指数公司、美联储、华联期货研究所
汇率
人民币兑一篮子货币基本稳定 ，对非美元货币有所升值，央行将防范汇率超调风险，防止形成单边一致性预期并自我强化 ，进一步维护外汇市场的稳定运行 ，保持人民币汇
率在合理均衡水平上的基本稳定。
0
0.5
1
1.5
2
2.5
3
3.5
0
1
2
3
4
5
6
美中10年期国债利差（次轴） 中国 美国
-0.0600
-0.0500
-0.0400
-0.0300
-0.0200
-0.0100
0.0000
6.7000
6.8000
6.9000
7.0000
7.1000
7.2000
7.3000
远期升水 USDCNH ：即期汇率 USDCNH ：DF：3个月


===== Page 79 =====

财政与就业


===== Page 80 =====

图：中央一般预算公共收支（亿元） 图：地方一般预算公共收支（亿元）
资料来源：WIND、华联期货研究所 资料来源：WIND、华联期货研究所
中央和地方财政预算收支
-2000
3000
8000
13000
18000
23000
28000
中央财政收支差额 中央一般公共收入 中央一般公共支出
-24000
-18000
-12000
-6000
0
6000
12000
18000
24000
30000
地方财政收支差额 地方一般公共收入 地方一般公共支出


===== Page 81 =====

一般公共财政收入
图：一般公共财政收入（亿元）
2025年3月 2025年4月 2025年5月 2025年6月 2025年7月 2025年8月 2025年9月 2025年10月 2025年11月 2025年12月 2026年2月 2026年3月 近两年同比值走势
16333 20427 16007 18943 20273 12359 15678 22614 14026 15529 44154 17459
11101 18106 13600 13759 18018 10152 11579 20700 11450 11549 36393 12112
406 836 1196 1373 1334 1268 1252 1564 1326 1498 3846 1172
1867 6361 4485 3084 5656 911 1050 6655 1052 1070 8759 1610
1143 1280 1227 1251 1233 1310 1411 1456 1249 1218 3827 1163

5339 5787 4596 5543 6158 4838 4882 6587 4771 5318 15838 5635
1439 1668 1508 1489 1571 1470 1695 1542 1513 1743 2963 1625
-2475 -1561 -1726 -1866 -1363 -1701 -1252 -1103 -917 -2299 -5569 -2342
167 203 212 196 222 211 223 204 195 220 361 190
308 357 167 194 281 51 108 355 173 211 359 312
541 346 331 419 326 318 360 274 322 472 650 417
273 59 93 217 58 83 127 79 101 113 217 268
620 306 227 504 251 181 329 288 198 320 806 468
308 357 167 194 281 51 108 355 173 211 359 312

457 824 289 303 583 106 171 895 341 498 831 466
173 124 133 117 151 251 261 181 226 180 499 234
158 171 160 177 169 151 183 159 138 158 388 194
14 50 7 14 49 7 11 54 12 13 61 24
203 304 196 214 309 196 213 345 216 233 564 203
325 473 357 381 476 366 390 516 376 417 1102 350
90 103 102 100 99 101 128 191 121 120 247 83
5232 2321 2407 5184 2255 2207 4099 1914 2576 3980 7761 5347非税收入
证券交易印花税
车辆购置税
环境保护税
资源税
城市维护建设税
其他税种
其余税种
耕地占用税
土地增值税
城镇土地使用税
房产税
外贸税种

地产税种
进口环节增值税和消费税
外贸企业出口退税
关税
城镇土地使用税
契税
税收收入
一般公共财政收入
四大税种
个人所得税
企业所得税
国内消费税
国内增值税 资料来源：WIND、华联期货研究所


===== Page 82 =====

一般公共财政支出
图：一般公共财政支出（亿元）
资料来源：WIND、华联期货研究所
2025年3月 2025年4月 2025年5月 2025年6月 2025年7月 2025年8月 2025年9月 2025年10月 2025年11月 2025年12月 2026年2月 2026年3月 近两年同比值走势
27719 20766 19372 28318 19466 18587 28740 17761 22713 38857 46706 28000
基建类支出 5018 3557 3174 6216 3566 3188 5734 3309 4337 9720 8494 4607
1957 1359 1180 2113 1149 1134 1899 1035 1537 3874 3690 1843
1908 1455 1358 2931 1697 1266 2493 1545 1822 4046 2917 1633
1153 743 636 1172 720 788 1342 729 978 1800 1887 1131

民生类支出 11575 8394 7882 10942 7744 7317 11101 6723 8827 12784 21118 12244
3872 3232 2974 4028 2955 2640 4521 2518 3739 5561 7220 3995
337 266 272 356 274 260 380 226 299 769 500 308
5030 3282 3202 4450 3117 3102 4205 2814 2979 3695 9279 5506
2336 1614 1434 2108 1398 1315 1995 1165 1810 2759 4119 2435
科学技术 879 952 656 1181 540 544 1231 742 1045 3170 1033 894
节能环保 507 385 320 549 393 366 613 307 485 1096 838 450
债务付息 1288 1167 1501 1165 884 1142 1104 1133 1237 1302 1914 1309

文化旅游与传媒
社会保障和就业
卫生健康
一般公共财政支出
城乡社区事务
农林水事务
交通运输
教育


===== Page 83 =====

图：近年政府财政支出领域比例
资料来源：WIND、华联期货研究所
0.00%
5.00%
10.00%
15.00%
20.00%
25.00%
2013 2014 2015 2016 2017 2018 2019 2020 2021 2022 2023 2024 2025 2026
财政支出比例


===== Page 84 =====

图：城镇新增就业人数 图：城镇调查失业率
资料来源：WIND、华联期货研究所 资料来源：WIND、华联期货研究所
就业人口和失业率
-1.00
-0.50
0.00
0.50
1.00
1.50
0.00
1.00
2.00
3.00
4.00
5.00
6.00
7.00
城镇调查失业率 城镇调查失业率同比（次轴）
-80
-60
-40
-20
0
20
40
60
80
100
城镇新增就业人数同比 城镇累计新增就业人数同比


===== Page 85 =====

景气调查


===== Page 86 =====

全球制造业PMI
图：全球制造业PMI热力图
资料来源：WIND、华联期货研究所
2025年4月 2025年5月 2025年6月 2025年7月 2025年8月 2025年9月 2025年10月 2025年11月 2025年12月 2026年1月 2026年2月 2026年3月 2026年4月 近两年走势
49.8 49.5 50.4 49.7 50.9 50.7 50.9 50.5 50.4 50.9 51.8 51.3 52.6
50.2 52.0 52.9 49.8 53.0 52.0 52.5 52.2 51.8 52.4 51.6 52.3 54.5
50.3 49.4 48.3 48.2 47.7 46.5 48.2 48.8 47.6 47.0 47.3 49.0 50.0
45.3 46.1 45.6 46.1 48.3 47.7 49.6 48.4 48.6 50.4 51.0 50.0 53.3
49.0 49.4 49.5 49.8 50.7 49.8 50.0 49.6 48.8 49.5 50.8 51.6 52.2

45.4 46.4 47.7 48.0 47.0 46.2 49.7 50.2 50.6 51.8 51.7 51.0 53.7
48.7 49.8 48.1 48.2 50.4 48.2 48.8 47.8 50.7 51.2 50.1 50.0 52.8
48.4 48.3 49.0 49.1 49.8 49.5 49.6 48.2 47.0 49.1 50.9 52.2 51.4
49.3 49.2 48.4 49.8 50.4 49.0 49.9 50.6 47.9 48.1 50.6 51.3 52.1
49.3 50.2 47.5 47.0 48.7 48.2 48.0 48.3 48.1 49.4 49.5 48.3 48.1
49.0 49.5 49.7 49.3 49.4 49.8 49.0 49.2 50.1 49.3 49.0 50.4 50.3
48.7 49.4 50.1 48.9 49.7 48.5 48.2 48.7 50.0 51.5 53.0 51.6 55.1

47.5 47.7 48.7 48.0 48.3 50.7 49.4 49.4 50.1 51.2 51.1 52.6 53.6
58.2 57.6 58.4 59.1 59.3 57.7 59.2 56.6 55.0 55.4 56.9 53.9 54.7
45.6 49.8 48.9 52.4 50.4 50.4 54.5 53.8 53.0 52.5 54.3 51.2 50.5
49.6 49.7 50.0 49.9 50.0 50.1 50.0 50.2 50.3 50.5 50.6 50.1 50.2
53.0 50.1 50.7 50.9 50.8 49.9 50.1 47.4 50.2 52.9 54.6 51.3 48.3
48.6 48.8 49.3 49.7 49.9 49.8 49.5 50.1 50.1 50.2 49.3 50.7 51.6
46.7 47.4 46.9 49.2 51.5 50.4 51.2 53.3 51.2 52.6 53.8 50.1 49.1

49.5 51.2 51.7 51.9 52.7 54.6 56.6 56.8 57.4 58.3 53.5 54.1 52.7泰国
意大利
俄罗斯
新加坡
菲律宾
马来西亚
中国
全球制造业PMI
亚太
市场
美国
巴西
加拿大
美洲
市场
欧元区
英国
日本
韩国
印度
越南
法国欧非
中东
市场 德国
印尼


===== Page 87 =====

中国制造业PMI
图：中国制造业PMI热力图
资料来源：WIND、华联期货研究所
2026年4月制造业采购经理指数（PMI）为50.3%，较上月下降0.1个百分点，制造业景气延续温和扩张、整体运行平稳。
产需两端同步扩张，外需显著回暖。生产指数和新订单指数分别为51.5%和50.6%，比上月分别上升0.1个和下降1个百分点，生产活动略有加快，内需韧性延续但边际走弱。新
出口订单为50.3%（环比上升1.2%），新出口订单指数时隔两年重返扩张区间，海外补库与供给替代效应显现，对出口形成支撑。
成本上行、库存偏弱。原材料价格和出厂价格分别为63.7%和55.1，比上月分别小幅下降0.2个和0.3个百分点，维持高位，高油价与大宗商品波动推升成本，中下游盈利承压。
。产成品和原材料库存分别为47.5%和49.3%，比上月分别上涨0.8个和1.6个百分点，均处于收缩区间。两项库存指数虽仍处于收缩区间，但回落幅度明显放缓，企业补库意愿
边际回暖；原材料库存回升更为显著，主要受大宗商品、原料价格走高影响，下游企业拿货偏谨慎，整体维持低库存、按需采购的经营节奏。

2025-04 2025-05 2025-06 2025-07 2025-08 2025-09 2025-10 2025-11 2025-12 2026-01 2026-02 2026-03 2026-04 近两年走势
49 49.5 49.7 49.3 49.4 49.8 49 49.2 50.1 49.3 49 50.4 50.3
49.8 50.7 51 50.5 50.8 51.9 49.7 50 51.7 50.6 49.6 51.4 51.5
46.3 47.6 50.2 49.5 50.4 51.6 49 49.5 51.1 48.7 48.2 50.9 51.1
43.4 47.1 47.8 47.8 48 48.1 46.8 47 47 47.3 45.6 49.8 50.1
49.2 49.8 50.2 49.4 49.5 49.7 48.8 49.2 50.8 49.2 48.6 51.6 50.6
44.7 47.5 47.7 47.1 47.2 47.8 45.9 47.6 49 47.8 45 49.1 50.3

43.2 44.8 45.2 44.7 45.5 45.2 44.5 45.5 46 45.1 44 47.1 46.2
47.3 46.5 48.1 47.4 46.8 48.2 48.1 47.3 48.2 48.6 45.8 46.7 47.5
47 47.4 48 47.7 48 48.5 47.3 47.3 47.8 47.4 47.5 47.7 49.3
44.8 44.7 46.2 48.3 49.1 48.2 47.5 48.2 48.9 50.6 50.6 55.4 55.1
47 46.9 48.4 51.5 53.3 53.2 52.5 53.6 53.1 56.1 54.8 63.9 63.7
需求
新订单
新出口订单
在手订单
中国：制造业PMI
生产
生产
采购量
进口
库存
产成品库存
原材料库存
物价
出厂价格
主要原材料购进价格


===== Page 88 =====

图：近十年中国制造业PMI走势 图：近三年中国制造业PMI分项比对
资料来源：WIND、华联期货研究所 资料来源：WIND、华联期货研究所
中国制造业PMI
38.00
42.00
46.00
50.00
54.00
58.00
62.00
66.00
新订单
产成品库存
新出口订单
生产
原材料库存
出厂价格
从业人员
供货商配送时间
主要原材料购进价格
生产经营活动预期
2024年4月
2025年4月
2026年4月
47
48
49
50
51
52
1月 2月 3月 4月 5月 6月 7月 8月 9月 10月 11月 12月
2017年 2018年 2019年 2020年 2021年
2022年 2023年 2024年 2025年 2026年


===== Page 89 =====

中国非制造业PMI
图：中国非制造业PMI热力图
资料来源：WIND、华联期货研究所
2026年4月，非制造业商务活动指数为49.4%，环比回落0.7个百分点，重回收缩区间，非制造业景气度边际走弱。
需求持续走弱，新订单、新出口订单和在手订单分别环比回落 0.7、1.5和0.8个百分点，内外需同步承压，外需端新出口订单回落幅度更大 ，海外需求边际降温明显；
在手订单同步收缩，也预示后续企业生产动能进一步承压。
从业人员指数为45.5%，比上月上升0.3个百分点，表明非制造业企业用工景气度较上月改善。分行业看，建筑业从业人员指数为39.6%，比上月上升0.5个百分点；服务
业从业人员指数为46.5%，比上月上升0.3个百分点。
投入品价格指数为51.7%，比上月下降0.6个百分点，仍高于临界点，表明非制造业企业用于经营活动的投入品价格总体水平持续上涨 。分行业看，建筑业投入品价格指
数为54.9%，比上月上升2.2个百分点；服务业投入品价格指数为51.2%，比上月下降1.0个百分点。
2025-03 2025-04 2025-05 2025-06 2025-07 2025-08 2025-09 2025-10 2025-11 2025-12 2026-01 2026-02 2026-03 2026-04 近两年走势

50.8 50.4 50.3 50.5 50.1 50.3 50 50.1 49.5 50.2 49.4 49.5 50.1 49.4
57.2 56 55.9 55.6 55.8 56.2 55.7 56.1 56.2 56.5 56 55 54.2 54.7
45.8 45.5 45.5 45.5 45.6 45.6 45 45.2 45.3 46.1 46.1 46 45.2 45.5
51.1 50.8 51.1 51.2 51.2 51.3 51.1 50.9 51.2 51.3 51.1 50.5 51.5 50.9
46.6 44.9 46.1 46.6 45.7 46.6 46 46 45.7 47.3 46.1 45.2 45 44.3
49.8 42.2 48 49.8 48.8 48.8 49.8 46.2 47.9 47.5 46.9 44.7 48.8 47.3
43.7 42.3 43.4 43.4 42.3 43.4 44.4 43.6 43.6 43.5 42.5 42.3 43.2 42.4

库存 45.7 45.1 46.1 44.8 45.3 45.7 44.9 46 44.8 45.2 44.8 45.4 43.5 45.3
46.7 46.6 47.3 48.8 47.9 48.6 47.3 47.8 49.1 48 48.8 48.8 49.9 48.1
48.6 47.8 48.2 49.9 50.3 50.3 49 49.4 50.4 50.2 50 50.9 52.3 51.7
存货
物价
销售价格
投入品价格
中国：非制造业PMI
生产
业务活动预期
从业人员
供应商配送时间
需求
新订单
新出口订单
在手订单


===== Page 90 =====

中国非制造业PMI
图：建筑业PMI和服务业PMI热力图
资料来源：WIND、华联期货研究所
服务业商务活动指数 49.6%，环比回落0.6个百分点，景气度有所走弱。内部结构分化明显 ，铁路运输、邮政、电信、IT 等生产性服务业延续高景气 ，指数保持在55%以上
，主要依托制造业产业链韧性形成支撑；批发零售、居民服务等消费性服务业运行在荣枯线下方，受节后消费热度消退、居民消费意愿偏弱拖累表现偏弱。
建筑业商务活动指数录得48.0%，环比大幅回落1.3个百分点，受地产产业链景气低迷、项目开工节奏放缓影响，行业景气再度走弱。
4月份，综合PMI产出指数为50.1%，比上月下降0.4个百分点，高于临界点，表明我国企业生产经营活动总体继续保持扩张。
2025-03 2025-04 2025-05 2025-06 2025-07 2025-08 2025-09 2025-10 2025-11 2025-12 2026-01 2026-02 2026-03 2026-04 近两年走势
53.4 51.9 51.0 52.8 50.6 49.1 49.3 49.1 49.6 52.8 48.8 48.2 49.3 48.0

55.3 53.8 52.4 53.9 51.6 51.7 52.4 56.0 57.9 57.4 49.8 50.9 50.5 50.5
41.4 37.8 39.5 39.9 40.9 43.6 39.7 39.9 41.8 41.0 41.1 42.5 39.1 39.6
需求 43.5 39.6 43.3 44.9 42.7 40.6 42.2 45.9 46.1 47.4 40.1 42.2 43.5 41.6
47.5 47.2 47.5 48.3 49.2 49.7 48.1 48.4 48.4 47.4 48.2 47.6 49.3 49.0
49.5 47.5 48.0 48.3 54.5 54.6 47.2 49.6 49.7 50.8 52.0 49.1 52.7 54.9
物价
销售价格
投入品价格
生产
中国：非制造业PMI：建筑业
业务活动预期
从业人员
新订单
2025-03 2025-04 2025-05 2025-06 2025-07 2025-08 2025-09 2025-10 2025-11 2025-12 2026-01 2026-02 2026-03 2026-04 近两年走势

50.3 50.1 50.2 50.1 50 50.5 50.1 50.2 49.5 49.7 49.5 49.7 50.2 49.6
57.5 56.4 56.5 56 56.6 57 56.3 56.1 55.9 56.4 57.1 55.8 54.8 55.4
46.5 46.8 46.6 46.4 46.4 45.9 45.9 46.1 45.9 47 47 46.6 46.2 46.5
需求 47.1 45.9 46.6 46.9 46.3 47.7 46.7 46 45.6 47.3 47.1 45.7 45.3 44.8
46.6 46.5 47.3 48.9 47.7 48.5 47.2 47.7 49.2 48.1 48.9 49 50 47.9
48.4 47.9 48.2 50.2 49.6 49.5 49.3 49.4 50.5 50.1 49.7 51.2 52.2 51.2
物价
销售价格
投入品价格
中国：非制造业PMI：服务业
生产
业务活动预期
从业人员

新订单


===== Page 91 =====

美国宏观


===== Page 92 =====

美实际GDP环比贡献
图：美国实际GDP环比折年率（%）
资料来源：WIND、华联期货研究所
2023年6月 2023年9月 2023年12月 2024年3月 2024年6月 2024年9月 2024年12月 2025年3月 2025年6月 2025年9月 2025年12月 2026年3月
2.50 4.70 3.40 0.80 3.60 3.30 1.90 -0.60 3.80 4.40 0.50 2.00
私人部门消费 1.02 2.08 2.04 1.17 2.61 2.66 2.61 0.42 1.68 2.34 1.30 1.08
商品消费 0.09 0.95 0.47 -0.29 1.14 1.27 1.43 0.04 0.47 0.64 0.06 -0.03
耐用品 0.01 0.48 0.02 -0.07 0.56 0.61 0.92 -0.26 0.17 0.12 0.01 0.00
非耐用品 0.09 0.47 0.46 -0.22 0.59 0.66 0.52 0.30 0.30 0.53 0.05 -0.03

服务消费 0.92 1.13 1.57 1.46 1.47 1.38 1.17 0.37 1.21 1.70 1.23 1.11
私人部门投资 1.27 1.66 0.65 -0.29 1.44 0.18 -1.26 3.79 -2.66 0.03 0.40 1.48
固定资产投资 1.63 0.69 0.82 0.54 0.27 0.28 -0.34 1.21 0.77 0.15 0.26 1.08
非住宅固定资产投资 1.47 0.25 0.76 0.22 0.35 0.48 -0.51 1.24 0.98 0.44 0.33 1.39
住宅投资 0.16 0.44 0.06 0.32 -0.08 -0.20 0.17 -0.04 -0.21 -0.29 -0.06 -0.31
存货变动 -0.36 0.97 -0.17 -0.83 1.17 -0.11 -0.91 2.58 -3.44 -0.12 0.14 0.40
净出口 -0.30 0.09 -0.06 -0.42 -1.04 -0.41 -0.06 -4.68 4.83 1.62 -0.22 -1.30

出口 -0.60 0.49 0.66 0.49 0.08 0.95 -0.10 0.02 -0.20 1.00 -0.35 1.32
进口 0.30 -0.40 -0.72 -0.91 -1.11 -1.36 0.03 -4.70 5.03 0.62 0.13 -2.62
政府部门消费与投资 0.56 0.87 0.79 0.39 0.57 0.92 0.57 -0.17 -0.01 0.38 -0.99 0.73
联邦政府 -0.01 0.42 0.21 0.05 0.27 0.54 0.28 -0.37 -0.35 0.17 -1.16 0.56
州和地方政府 0.56 0.44 0.57 0.34 0.30 0.38 0.29 0.20 0.33 0.21 0.16 0.17
美国实际GDP环比折年率


===== Page 93 =====

图：美国新增非农就业人数 图：美国失业率和劳动参与率
资料来源：WIND、华联期货研究所 资料来源：WIND、华联期货研究所
美国就业
-200
-150
-100
-50
0
50
100
150
200
250
300
350
商品生产 服务生产 政府 非农新增人数（千人）
0
10
20
30
40
50
60
70
2
2.5
3
3.5
4
4.5
5
5.5
6
6.5
失业率 非农职业空缺率 劳动参与率（次轴）


===== Page 94 =====

图：美债各期限收益率 图：美债收益率倒挂程度
资料来源：WIND、华联期货研究所 资料来源：WIND、华联期货研究所
美债收益率
3.0000
3.2000
3.4000
3.6000
3.8000
4.0000
4.2000
4.4000
4.6000
4.8000
5.0000
10年期 2年期 1年期 3个月 1个月
-1.2
-1
-0.8
-0.6
-0.4
-0.2
0
0
1
2
3
4
5
6
美债利差：10Y-2Y(次轴） 10Y美债收益率 2Y美债收益率


===== Page 95 =====

图：美国零售和食品服务销售额
资料来源：WIND、华联期货研究所
2025-04 2025-05 2025-06 2025-07 2025-08 2025-09 2025-10 2025-11 2025-12 2026-01 2026-02 2026-03 2026-04 两年环比走势
4.99 3.37 4.42 4.13 4.97 4.14 3.21 3.21 2.43 3.27 4.17 4.15 4.87
核心（除机动车及零部件） 4.06 3.72 3.96 4.02 4.83 3.83 3.65 4.14 3.26 3.97 4.24 5.60 6.34
除加油站 6.00 4.09 5.05 4.64 5.43 4.23 3.35 3.22 2.50 3.75 4.52 3.20 3.66
除机动车、零部件和加油站 5.23 4.66 4.70 4.64 5.40 3.90 3.87 4.25 3.43 4.65 4.68 4.54 4.94
耐用品 7.07 1.34 4.64 3.02 3.61 3.28 0.12 -0.92 -0.91 1.13 3.48 -0.45 -0.28

机动车及零部件 9.02 1.90 6.44 4.64 5.58 5.51 1.35 -0.61 -0.99 0.31 3.89 -1.76 -1.16
家具和家居用品 7.00 5.70 4.52 4.59 1.32 -2.96 -0.18 -1.62 -7.75 -3.38 -4.69 -0.87 -3.59
电子产品和电器 -0.94 -1.81 0.10 1.07 3.17 6.14 3.51 3.07 3.48 4.98 5.67 5.89 7.62
建材、园艺设备和用品商店 2.34 -1.06 -0.23 -2.29 -2.06 -2.66 -4.42 -2.49 0.54 4.54 4.05 3.10 2.20
非耐用品 3.51 3.49 3.63 3.87 4.99 3.91 4.07 4.39 3.19 3.75 3.48 5.80 6.85
食品和饮料店 2.83 2.17 2.66 2.22 3.29 2.10 1.87 1.71 0.96 1.20 -0.46 0.42 1.39

保健和个人护理 9.56 8.54 9.71 7.05 6.48 5.94 5.92 5.61 6.05 2.93 2.10 2.45 2.30
加油站 -6.75 -5.27 -3.26 -2.09 -0.73 3.07 1.44 3.06 1.58 -2.67 -0.14 16.58 20.88
服装及服装配饰 4.73 3.74 5.08 6.72 8.75 6.28 6.97 7.50 4.97 4.39 8.59 7.35 5.48
体育用品、文娱爱好、书影音 -1.57 1.13 0.49 4.06 4.88 1.62 5.07 5.94 6.05 6.63 12.29 5.77 13.43
百货商店 -5.12 -2.47 -3.61 -1.28 0.15 -2.75 4.39 2.82 -0.49 -7.86 -5.36 0.73 -1.21
杂货店 4.06 10.40 12.61 12.33 8.06 8.16 10.72 16.47 9.96 12.21 12.40 8.17 12.80

无店铺零售（线上） 8.21 7.80 5.57 7.39 9.63 6.38 7.15 7.24 5.58 10.12 9.23 10.57 11.06
零售和食品服务销售额同比
美国零售


===== Page 96 =====

联邦基金利率
图：美联储资产结构和联邦基金利率
资料来源：WIND、华联期货研究所
0.0000
1.0000
2.0000
3.0000
4.0000
5.0000
6.0000
2,000,000.00
2,500,000.00
3,000,000.00
3,500,000.00
4,000,000.00
4,500,000.00
5,000,000.00
5,500,000.00
6,000,000.00
联储银行:抵押贷款支持债券(MBS) 联储银行:美国国债 美国:联邦基金目标利率（右轴）


===== Page 97 =====

美联储负债结构
图：今年以来联储负债端的逆回购金额明显减少
资料来源：WIND、华联期货研究所
0
1,000,000
2,000,000
3,000,000
4,000,000
5,000,000
6,000,000
7,000,000
8,000,000
9,000,000
联储银行持有票据净额 存款机构存款 财政一般账户 逆回购 外国官方存款 其他负债及应计股息


===== Page 98 =====

THANKS
98
华联期货与您同行
研究员承诺：本人以勤勉的职业态度，独立、客观地出具本报告。本报告清晰准确地反映了本人的研究观点。本人
不曾因，不因，也将不会因本报告中的具体推荐意见或观点而直接或间接接收到任何形式的报酬。
免责声明：本资讯产品/报告专为关注期货市场及其投资机会的人士参考使用。我们谨慎相信本资讯产品/报告中的
资料及其来源是可靠的，但并不保证所载信息的完整性和真实性。本资讯产品/报告内容不构成对相关期货品种的
最终买卖依据，投资者须独立承担投资风险。本资讯产品/报告版权归华联期货所有。
